STN---,WBAN , YEARMODA,   TEMP,  ,   DEWP,  ,  SLP  ,  ,  STP  ,  , VISIB,  ,  WDSP,  , MXSPD,  GUST,   MAX  ,  MIN  ,PRCP  ,SNDP , FRSHTT,
427240,99999, 20200101,   70.5,18,   63.3,18, 9999.9, 0, 9999.9, 0,   1.3,18,   0.2,18,   4.1, 999.9,   80.6*,  61.2*, 0.00I,999.9, 000000,
427240,99999, 20200102,   69.6,18,   65.1,18, 1018.7, 4, 9999.9, 0,   1.4,18,   0.3,18,   2.9, 999.9,   78.8*,  59.7 , 0.00I,999.9, 000000,
427240,99999, 20200103,   64.2,18,   62.0,18, 1017.3, 4, 9999.9, 0,   1.7,18,   1.9,18,   4.1, 999.9,   68.0*,  62.6 , 0.20G,999.9, 010010,
427240,99999, 20200104,   68.5,18,   64.0,18, 1014.8, 4, 9999.9, 0,   2.4,18,   0.0,18,   2.9, 999.9,   78.8*,  59.4*, 0.39G,999.9, 000000,
427240,99999, 20200105,   65.3,18,   61.5,18, 9999.9, 0, 9999.9, 0,   1.4,18,   0.6,18,   2.9, 999.9,   73.4*,  56.5*, 0.00G,999.9, 100000,
427240,99999, 20200106,   62.1,18,   57.7,18, 1018.3, 4, 9999.9, 0,   1.0,18,   1.1,18,   4.1, 999.9,   71.6*,  54.7*, 0.00I,999.9, 100000,
427240,99999, 20200107,   58.2,18,   56.4,18, 1016.3, 4, 9999.9, 0,   0.5,18,   0.2,18,   1.9, 999.9,   65.1 ,  51.4 , 0.00I,999.9, 100000,
427240,99999, 20200108,   59.8,18,   56.9,18, 1015.1, 4, 9999.9, 0,   1.3,18,   0.1,18,   1.9, 999.9,   66.2*,  54.1 , 0.00I,999.9, 100000,
427240,99999, 20200109,   64.1,18,   60.9,18, 1015.0, 4, 9999.9, 0,   1.0,18,   0.2,18,   2.9, 999.9,   68.0*,  57.2 , 0.00G,999.9, 110000,
427240,99999, 20200110,   65.4,18,   59.4,18, 1016.5, 4, 9999.9, 0,   1.7,18,   0.5,18,   2.9, 999.9,   77.0*,  56.5*, 0.02G,999.9, 100000,
427240,99999, 20200111,   60.4,18,   58.5,18, 9999.9, 0, 9999.9, 0,   0.6,18,   0.1,18,   1.0, 999.9,   64.6 ,  53.6 , 0.00G,999.9, 100000,
427240,99999, 20200112,   61.8,18,   58.6,18, 9999.9, 0, 9999.9, 0,   1.1,18,   0.5,18,   2.9, 999.9,   69.8*,  52.2 , 0.00I,999.9, 100000,
427240,99999, 20200113,   61.9,16,   60.0,16, 9999.9, 0, 9999.9, 0,   0.5,16,   0.1,16,   1.0, 999.9,   69.8*,  54.3 , 0.00I,999.9, 100000,
427240,99999, 20200114,   61.4,18,   58.7,18, 1014.3, 4, 9999.9, 0,   0.8,18,   0.0,18,   1.0, 999.9,   71.6*,  53.2*, 0.00I,999.9, 100000,
427240,99999, 20200115,   64.1,17,   59.1,17, 1014.9, 4, 9999.9, 0,   1.4,17,   0.7,17,   2.9, 999.9,   75.2*,  51.4 , 0.00I,999.9, 100000,
427240,99999, 20200116,   66.6,18,   58.8,18, 9999.9, 0, 9999.9, 0,   2.1,18,   0.2,18,   2.9, 999.9,   78.8*,  51.8*, 0.00I,999.9, 100000,
427240,99999, 20200117,   69.4,18,   59.4,18, 9999.9, 0, 9999.9, 0,   2.2,18,   0.6,18,   2.9, 999.9,   82.4*,  52.7 , 0.00I,999.9, 000000,
427240,99999, 20200118,   71.1,17,   60.2,17, 1014.8, 4, 9999.9, 0,   2.1,17,   0.6,17,   2.9, 999.9,   84.2*,  54.1 , 0.00I,999.9, 000000,
427240,99999, 20200119,   70.9,18,   62.1,18, 1014.6, 4, 9999.9, 0,   1.5,18,   0.6,18,   4.1, 999.9,   84.2*,  55.9 , 0.00I,999.9, 000000,
427240,99999, 20200120,   65.9,18,   59.9,18, 1017.0, 4, 9999.9, 0,   1.0,18,   0.7,18,   2.9, 999.9,   73.4*,  50.4*, 0.00I,999.9, 100000,
427240,99999, 20200121,   63.3,18,   54.3,18, 9999.9, 0, 9999.9, 0,   1.8,18,   0.0,18,   2.9, 999.9,   75.2*,  48.9 , 0.00I,999.9, 000000,
427240,99999, 20200122,   63.0,18,   53.8,18, 9999.9, 0, 9999.9, 0,   1.8,18,   0.7,18,   4.1, 999.9,   76.3*,  47.8 , 0.00I,999.9, 100000,
427240,99999, 20200123,   63.1,18,   54.6,18, 9999.9, 0, 9999.9, 0,   1.4,18,   0.1,18,   1.9, 999.9,   77.0*,  47.3 , 0.00I,999.9, 000000,
427240,99999, 20200124,   62.9,18,   54.8,18, 1016.0, 4, 9999.9, 0,   1.3,18,   0.3,18,   2.9, 999.9,   77.0*,  46.9 , 0.00I,999.9, 100000,
427240,99999, 20200125,   62.4,18,   52.9,18, 1014.4, 4, 9999.9, 0,   1.3,18,   0.6,18,   2.9, 999.9,   73.8*,  48.9 , 0.00I,999.9, 000000,
427240,99999, 20200126,   63.0,18,   56.0,18, 1013.3, 4, 9999.9, 0,   1.1,18,   0.7,18,   2.9, 999.9,   77.0*,  49.1 , 0.00I,999.9, 100000,
427240,99999, 20200127,   62.7,18,   55.6,18, 1013.1, 4, 9999.9, 0,   1.2,18,   0.7,18,   4.1, 999.9,   73.4*,  49.1 , 0.00I,999.9, 000000,
427240,99999, 20200128,   63.9,18,   56.2,18, 1015.1, 4, 9999.9, 0,   1.0,18,   0.3,18,   2.9, 999.9,   75.2*,  50.0 , 0.00I,999.9, 100000,
427240,99999, 20200129,   65.9,18,   60.5,18, 1015.8, 4, 9999.9, 0,   0.7,18,   0.2,18,   2.9, 999.9,   75.2*,  54.1 , 0.00I,999.9, 100000,
427240,99999, 20200130,   68.6,18,   60.9,18, 9999.9, 0, 9999.9, 0,   1.3,18,   0.5,18,   4.1, 999.9,   77.4*,  57.2 , 0.00I,999.9, 100000,
427240,99999, 20200131,   67.8,18,   63.9,18, 1014.3, 4, 9999.9, 0,   0.7,18,   0.8,18,   2.9, 999.9,   77.0*,  57.6*, 0.16G,999.9, 100000,
427240,99999, 20200201,   65.7,18,   57.9,18, 1016.1, 4, 9999.9, 0,   1.3,18,   0.4,18,   2.9, 999.9,   78.8*,  52.9*, 0.00G,999.9, 100000,
427240,99999, 20200202,   64.8,18,   53.4,18, 1018.1, 4, 9999.9, 0,   1.9,18,   1.3,18,   2.9, 999.9,   77.4*,  50.0*, 0.00I,999.9, 100000,
427240,99999, 20200203,   62.1,19,   49.1,19, 9999.9, 0, 9999.9, 0,   2.3,19,   0.7,19,   4.1, 999.9,   75.2*,  46.4 , 0.00I,999.9, 000000,
427240,99999, 20200204,   64.0,18,   53.5,18, 9999.9, 0, 9999.9, 0,   1.7,18,   0.3,18,   2.9, 999.9,   77.0*,  46.0 , 0.00I,999.9, 000000,
427240,99999, 20200205,   67.0,18,   56.9,18, 1014.8, 4, 9999.9, 0,   1.6,18,   0.8,18,   2.9, 999.9,   79.2*,  51.1*, 0.00I,999.9, 000000,
427240,99999, 20200206,   66.1,18,   52.0,18, 1016.2, 4, 9999.9, 0,   2.1,18,   0.8,18,   5.1, 999.9,   80.6*,  49.5 , 0.00I,999.9, 000000,
427240,99999, 20200207,   66.3,18,   52.2,18, 1017.6, 4, 9999.9, 0,   2.0,18,   0.6,18,   4.1, 999.9,   77.0*,  51.6 , 0.00I,999.9, 000000,
427240,99999, 20200208,   66.9,18,   59.1,18, 1018.3, 4, 9999.9, 0,   1.2,18,   0.1,18,   2.9, 999.9,   74.1*,  56.8 , 0.00I,999.9, 000000,
427240,99999, 20200209,   69.7,18,   58.7,18, 9999.9, 0, 9999.9, 0,   1.7,18,   0.4,18,   2.9, 999.9,   80.6*,  54.7*, 0.00G,999.9, 000000,
427240,99999, 20200210,   67.3,18,   56.1,18, 1017.1, 4, 9999.9, 0,   2.1,18,   0.5,18,   2.9, 999.9,   80.6*,  51.8*, 0.00I,999.9, 000000,
427240,99999, 20200211,   67.7,18,   56.0,18, 1017.2, 4, 9999.9, 0,   1.8,18,   0.7,18,   4.1, 999.9,   82.4*,  50.9 , 0.00I,999.9, 000000,
427240,99999, 20200212,   67.7,18,   57.6,18, 1016.0, 4, 9999.9, 0,   1.3,18,   0.5,18,   2.9, 999.9,   80.6*,  52.2 , 0.00I,999.9, 000000,
427240,99999, 20200213,   67.0,19,   56.1,19, 1012.7, 4, 9999.9, 0,   1.5,19,   1.0,19,   4.1, 999.9,   82.4*,  51.8*, 0.00I,999.9, 000000,
427240,99999, 20200214,   68.1,18,   56.9,18, 1011.3, 4, 9999.9, 0,   1.4,18,   0.6,18,   5.1, 999.9,   82.4*,  50.4 , 0.00I,999.9, 000000,
427240,99999, 20200215,   71.3,18,   65.1,18, 1013.3, 4, 9999.9, 0,   0.9,18,   0.2,18,   2.9, 999.9,   80.6*,  57.2 , 0.00I,999.9, 100000,
427240,99999, 20200216,   71.0,18,   66.7,18, 9999.9, 0, 9999.9, 0,   0.8,18,   0.6,18,   2.9, 999.9,   80.6*,  63.0*, 0.00I,999.9, 100000,
427240,99999, 20200217,   69.6,19,   65.1,19, 1014.8, 4, 9999.9, 0,   0.6,19,   0.2,19,   1.9, 999.9,   82.4*,  59.0*, 0.00I,999.9, 100000,
427240,99999, 20200218,   72.5,18,   61.5,18, 1015.3, 4, 9999.9, 0,   1.4,18,   0.4,18,   2.9, 999.9,   84.2*,  57.2 , 0.00I,999.9, 100000,
427240,99999, 20200219,   73.1,18,   60.4,18, 1015.3, 4, 9999.9, 0,   1.6,18,   0.3,18,   2.9, 999.9,   86.0*,  59.0*, 0.00I,999.9, 000000,
427240,99999, 20200220,   72.1,18,   61.2,18, 1016.9, 4, 9999.9, 0,   1.3,18,   0.5,18,   2.9, 999.9,   84.2*,  57.2*, 0.00I,999.9, 000000,
427240,99999, 20200221,   71.5,19,   60.2,19, 1018.1, 4, 9999.9, 0,   1.5,19,   0.9,19,   4.1, 999.9,   86.0*,  55.9 , 0.00I,999.9, 000000,
427240,99999, 20200222,   73.8,18,   60.1,18, 9999.9, 0, 9999.9, 0,   2.2,18,   1.1,18,   4.1, 999.9,   89.6*,  55.4*, 0.00I,999.9, 000000,
427240,99999, 20200223,   77.2,17,   62.4,17, 1015.3, 4, 9999.9, 0,   2.3,17,   0.9,17,   4.1, 999.9,   89.6*,  58.6 , 0.00I,999.9, 000000,
427240,99999, 20200224,   74.8,18,   64.2,18, 1013.5, 4, 9999.9, 0,   1.1,18,   0.5,18,   2.9, 999.9,   84.2*,  61.7 , 0.00E,999.9, 000000,
427240,99999, 20200225,   70.7,19,   64.6,19, 1013.2, 4, 9999.9, 0,   1.1,19,   1.4,19,   4.1, 999.9,   78.8*,  62.6*, 0.00G,999.9, 010000,
427240,99999, 20200226,   68.4,18,   61.9,18, 1014.3, 4, 9999.9, 0,   1.9,18,   1.5,18,   4.1, 999.9,   75.2*,  61.5 , 0.00G,999.9, 010000,
427240,99999, 20200227,   71.0,18,   60.5,18, 1014.5, 4, 9999.9, 0,   2.4,18,   1.3,18,   4.1, 999.9,   82.4*,  58.5 , 0.00G,999.9, 000000,
427240,99999, 20200228,   72.3,18,   60.3,18, 1012.8, 4, 9999.9, 0,   2.0,18,   1.3,18,   5.1, 999.9,   86.0*,  56.5 , 0.00I,999.9, 000000,
427240,99999, 20200229,   75.1,18,   59.4,18, 1012.6, 4, 9999.9, 0,   2.0,18,   1.1,18,   4.1, 999.9,   89.6*,  55.6 , 0.00I,999.9, 000000,
427240,99999, 20200301,   76.8,17,   61.3,17, 1011.6, 4, 9999.9, 0,   2.4,17,   1.5,17,   6.0, 999.9,   90.0*,  58.5 , 0.00I,999.9, 000000,
427240,99999, 20200302,   77.5,18,   64.6,18, 9999.9, 0, 9999.9, 0,   1.6,18,   0.8,18,   5.1, 999.9,   87.8*,  61.3 , 0.00I,999.9, 000000,
427240,99999, 20200303,   77.3,18,   61.3,18, 1011.4, 4, 9999.9, 0,   2.6,18,   1.2,18,  12.0,  25.1,   89.6*,  64.4*, 0.00G,999.9, 010010,
427240,99999, 20200304,   77.5,19,   63.7,19, 1012.1, 4, 9999.9, 0,   2.3,19,   0.8,19,   4.1, 999.9,   89.6*,  66.2 , 0.00G,999.9, 010000,
427240,99999, 20200305,   78.9,18,   63.4,18, 1011.7, 4, 9999.9, 0,   2.5,18,   1.4,18,   4.1, 999.9,   89.6*,  65.7 , 0.00G,999.9, 000000,
427240,99999, 20200306,   76.2,15,   66.5,15, 1013.4, 5, 9999.9, 0,   1.8,15,   0.7,15,   4.1, 999.9,   87.8*,  66.2*, 0.00I,999.9, 000000,
427240,99999, 20200307,   72.2,18,   67.9,18, 1013.7, 4, 9999.9, 0,   1.2,18,   0.0,18,   1.9, 999.9,   80.6*,  64.0*, 0.03E,999.9, 010000,
427240,99999, 20200308,   75.9,19,   67.4,19, 1011.8, 4, 9999.9, 0,   1.8,19,   0.6,19,   4.1, 999.9,   87.8*,  62.6*, 0.00E,999.9, 010000,
427240,99999, 20200309,   75.8,18,   61.5,18, 1011.8, 4, 9999.9, 0,   2.3,18,   1.1,18,   4.1, 999.9,   87.8*,  61.3 , 0.00G,999.9, 000000,
427240,99999, 20200310,   75.3,18,   58.4,18, 1011.5, 4, 9999.9, 0,   2.5,18,   1.2,18,   5.1, 999.9,   86.0*,  57.9 , 0.00I,999.9, 000000,
427240,99999, 20200311,   78.7,15,   59.5,15, 1011.7, 5, 9999.9, 0,   2.4,15,   0.9,15,   4.1, 999.9,   91.4*,  59.0*, 0.00I,999.9, 000000,
427240,99999, 20200312,   80.1,19,   63.7,19, 1013.5, 4, 9999.9, 0,   2.0,19,   0.5,19,   2.9, 999.9,   93.2*,  64.4*, 0.00I,999.9, 000000,
427240,99999, 20200313,   81.0,17,   64.1,17, 1013.8, 6, 9999.9, 0,   2.5,17,   1.6,17,   5.1, 999.9,   91.4*,  67.3 , 0.00I,999.9, 000000,
427240,99999, 20200314,   77.3,13,   67.8,13, 1013.3, 6, 9999.9, 0,   1.5,13,   2.5,13,   8.0, 999.9,   90.7*,  66.9 , 0.00I,999.9, 000000,
427240,99999, 20200315,   79.8,18,   66.0,18, 1012.1, 4, 9999.9, 0,   2.5,18,   2.4,18,   9.9, 999.9,   91.4*,  65.1 , 0.00I,999.9, 000000,
427240,99999, 20200316,   78.9,19,   65.3,19, 1013.4, 4, 9999.9, 0,   1.9,19,   1.2,19,   4.1, 999.9,   91.4*,  65.8 , 0.00I,999.9, 000000,
427240,99999, 20200317,   79.0,18,   60.9,18, 1013.9, 4, 9999.9, 0,   2.5,18,   1.4,18,   5.1, 999.9,   87.8*,  66.2*, 0.00I,999.9, 000000,
427240,99999, 20200318,   79.9,18,   61.2,18, 1012.4, 4, 9999.9, 0,   2.7,18,   0.5,18,   2.9, 999.9,   91.4*,  64.0 , 0.00I,999.9, 000000,
427240,99999, 20200319,   80.4,18,   61.7,18, 1011.7, 4, 9999.9, 0,   2.8,18,   1.1,18,   4.1, 999.9,   91.4*,  64.4*, 0.00I,999.9, 000000,
427240,99999, 20200320,   80.3,19,   65.2,19, 1010.7, 4, 9999.9, 0,   1.9,19,   0.8,19,   2.9, 999.9,   91.4*,  67.6 , 0.00E,999.9, 010000,
427240,99999, 20200321,   82.7,17,   63.7,17, 9999.9, 0, 9999.9, 0,   2.3,17,   1.2,17,   5.1, 999.9,   92.1*,  67.5 , 0.00G,999.9, 000000,
427240,99999, 20200322,   76.5,18,   64.3,18, 1013.4, 4, 9999.9, 0,   2.6,18,   1.3,18,   4.1, 999.9,   87.8*,  67.3 , 0.02G,999.9, 000000,
427240,99999, 20200323,   78.2,18,   64.8,18, 1011.8, 4, 9999.9, 0,   2.5,18,   1.0,18,   5.1, 999.9,   87.8*,  64.4*, 0.00G,999.9, 000000,
427240,99999, 20200324,   79.7,19,   64.8,19, 1010.1, 4, 9999.9, 0,   2.4,19,   0.8,19,   4.1, 999.9,   91.4*,  64.4*, 0.00I,999.9, 000000,
427240,99999, 20200325,   81.4,16,   65.4,16, 1008.7, 6, 9999.9, 0,   2.3,16,   0.7,16,   5.1, 999.9,   93.2*,  65.1 , 0.00I,999.9, 000000,
427240,99999, 20200326,   84.8,15,   68.3,15, 1010.5, 8, 9999.9, 0,   2.5,15,   0.8,15,   4.1, 999.9,   95.0*,  61.5 , 0.00G,999.9, 000000,
427240,99999, 20200327,   89.1,14,   67.2,14, 1010.1, 8, 9999.9, 0,   2.6,14,   1.7,14,   2.9, 999.9,   98.6*,  70.5 , 0.00I,999.9, 000000,
427240,99999, 20200328,   89.4,14,   67.3,14, 1008.3, 6, 9999.9, 0,   2.6,14,   1.9,14,   6.0, 999.9,  100.4*,  68.7 , 0.00I,999.9, 000000,
427240,99999, 20200329,   87.1,16,   61.1,16, 1009.0, 5, 9999.9, 0,   3.0,16,   1.1,16,   4.1, 999.9,   96.8*,  70.2*, 0.00I,999.9, 000000,
427240,99999, 20200330,   84.5,12,   57.7,12, 1009.8, 8, 9999.9, 0,   2.4,12,   1.7,12,   4.1, 999.9,   95.0*,  68.0*, 0.00I,999.9, 000000,
427240,99999, 20200331,   84.9,12,   54.6,12, 1010.0, 8, 9999.9, 0,   2.7,12,   0.6,12,   4.1, 999.9,   95.4*,  63.7 , 0.00I,999.9, 000000,
427240,99999, 20200401,   85.2,12,   60.2,12, 1007.7, 6, 9999.9, 0,   2.5,12,   1.0,12,   4.1, 999.9,   96.8*,  62.1 , 0.00I,999.9, 000000,
427240,99999, 20200402,   88.3,14,   72.6,14, 1008.3, 7, 9999.9, 0,   2.4,14,   2.3,14,   6.0, 999.9,   98.6*,  72.7*, 0.00E,999.9, 010010,
427240,99999, 20200403,   85.6,14,   72.7,14, 1009.8, 8, 9999.9, 0,   2.4,14,   2.9,14,  15.9,  26.0,   97.2*,  70.2*, 0.16G,999.9, 010010,
427240,99999, 20200404,   84.8,12,   68.8,12, 1011.8, 7, 9999.9, 0,   2.5,12,   1.1,12,   4.1, 999.9,   96.8*,  66.2 , 0.00G,999.9, 000000,
427240,99999, 20200405,   84.6,13,   71.1,13, 1011.3, 7, 9999.9, 0,   2.4,13,   1.1,13,   2.9, 999.9,   96.8*,  69.8*, 0.00I,999.9, 000000,
427240,99999, 20200406,   87.7,15,   69.4,15, 1009.5, 8, 9999.9, 0,   2.5,15,   1.6,15,   5.1, 999.9,   98.6*,  72.7*, 0.00I,999.9, 000000,
427240,99999, 20200407,   91.7,14,   71.6,14, 1008.5, 6, 9999.9, 0,   2.8,14,   3.8,14,   8.9, 999.9,   99.3*,  74.5 , 0.00I,999.9, 000000,
