STN---,WBAN , YEARMODA,   TEMP,  ,   DEWP,  ,  SLP  ,  ,  STP  ,  , VISIB,  ,  WDSP,  , MXSPD,  GUST,   MAX  ,  MIN  ,PRCP  ,SNDP , FRSHTT,
426670,99999, 20200101,   58.6,19,   53.2,19, 9999.9, 0, 9999.9, 0,   1.1,19,   4.8,19,   8.0, 999.9,   68.0*,  49.5 , 0.00I,999.9, 100000,
426670,99999, 20200102,   60.4,20,   56.9,20, 9999.9, 0, 9999.9, 0,   0.7,20,   4.9,20,  12.0, 999.9,   68.0*,  53.6 , 0.00I,999.9, 100000,
426670,99999, 20200103,   60.6,21,   55.9,21, 9999.9, 0, 9999.9, 0,   0.9,21,   4.4,21,   8.0, 999.9,   68.0*,  51.8*, 0.00I,999.9, 100000,
426670,99999, 20200104,   55.5,20,   51.8,19, 9999.9, 0, 9999.9, 0,   0.9,20,   4.7,20,   9.9, 999.9,   60.8*,  48.2*, 0.00I,999.9, 100000,
426670,99999, 20200105,   59.2,20,   48.9,20, 1019.7, 4,  958.2, 4,   1.9,20,   3.7,20,   8.0, 999.9,   69.8*,  45.0 , 0.00I,999.9, 100000,
426670,99999, 20200106,   62.8,20,   47.5,20, 9999.9, 0, 9999.9, 0,   2.8,20,   4.0,20,   8.0, 999.9,   75.2*,  48.2*, 0.00I,999.9, 000000,
426670,99999, 20200107,   67.8,20,   54.3,20, 1013.5, 4,  954.0, 4,   3.0,20,   5.5,20,   8.9, 999.9,   78.8*,  54.3 , 0.00I,999.9, 000000,
426670,99999, 20200108,   67.0,20,   59.5,20, 9999.9, 0, 9999.9, 0,   1.7,20,   8.0,20,  14.0, 999.9,   77.0*,  53.6*, 0.00I,999.9, 000000,
426670,99999, 20200109,   56.2,20,   44.2,20, 9999.9, 0, 9999.9, 0,   2.4,20,   5.1,20,  11.1, 999.9,   64.4*,  46.4*, 0.00I,999.9, 100000,
426670,99999, 20200110,   51.8,19,   42.1,19, 9999.9, 0, 9999.9, 0,   1.9,19,   5.1,19,   8.0, 999.9,   64.4*,  41.9 , 0.00I,999.9, 100000,
426670,99999, 20200111,   56.8,17,   41.0,17, 1019.4, 4,  958.0, 4,   2.2,17,   4.7,17,   7.0, 999.9,   71.6*,  40.3 , 0.00I,999.9, 000000,
426670,99999, 20200112,   62.2,21,   45.1,21, 1015.6, 4,  955.4, 4,   2.5,21,   3.5,21,   6.0, 999.9,   77.0*,  46.4*, 0.00I,999.9, 000000,
426670,99999, 20200113,   69.6,19,   54.3,19, 1012.8, 5,  953.2, 5,   2.7,19,   4.7,19,   9.9, 999.9,   82.4*,  50.0*, 0.00I,999.9, 000000,
426670,99999, 20200114,   64.8,19,   61.2,19, 9999.9, 0, 9999.9, 0,   1.1,19,   3.4,19,   6.0, 999.9,   71.6*,  58.3 , 0.24E,999.9, 110000,
426670,99999, 20200115,   64.5,20,   60.8,20, 9999.9, 0, 9999.9, 0,   0.6,20,   4.5,20,   7.0, 999.9,   75.2*,  58.8 , 0.00I,999.9, 100000,
426670,99999, 20200116,   60.6,18,   59.2,18, 9999.9, 0, 9999.9, 0,   0.3,18,   4.3,18,  12.0, 999.9,   66.6*,  55.4*, 0.00I,999.9, 100000,
426670,99999, 20200117,   59.9,19,   51.7,19, 9999.9, 0, 9999.9, 0,   1.5,19,   4.9,19,   8.0, 999.9,   68.0*,  50.0*, 0.00I,999.9, 100000,
426670,99999, 20200118,   55.3,19,   52.3,19, 1018.0, 5,  956.9, 5,   0.8,19,   4.3,19,   8.0, 999.9,   64.4*,  47.1 , 0.00I,999.9, 100000,
426670,99999, 20200119,   55.7,20,   47.8,20, 9999.9, 0, 9999.9, 0,   1.3,20,   5.2,20,   9.9, 999.9,   66.2*,  47.8 , 0.00I,999.9, 100000,
426670,99999, 20200120,   59.5,20,   46.6,20, 1018.0, 6,  957.2, 6,   2.2,20,   4.2,20,   6.0, 999.9,   71.6*,  43.5 , 0.00I,999.9, 000000,
426670,99999, 20200121,   66.3,19,   56.7,19, 1017.0, 4,  956.7, 4,   1.8,19,   5.2,19,   8.9, 999.9,   78.8*,  51.8*, 0.01E,999.9, 010000,
426670,99999, 20200122,   62.4,19,   55.9,19, 9999.9, 0, 9999.9, 0,   1.4,19,   5.5,19,   8.0, 999.9,   70.5*,  56.1*, 0.00A,999.9, 000000,
426670,99999, 20200123,   59.0,17,   47.5,17, 1020.3, 4,  959.2, 4,   1.9,17,   4.7,17,  12.0, 999.9,   68.0*,  48.9*, 0.00G,999.9, 000000,
426670,99999, 20200124,   59.3,19,   46.1,18, 1019.0, 4,  957.9, 4,   3.3,19,   3.4,19,   8.9, 999.9,   75.2*,  44.6*, 0.00I,999.9, 000000,
426670,99999, 20200125,   62.7,20,   47.4,20, 1017.4, 4,  956.2, 4,   3.0,20,   3.1,20,   7.0, 999.9,   75.2*,  48.2*, 0.00I,999.9, 000000,
426670,99999, 20200126,   65.1,20,   48.7,20, 9999.9, 0, 9999.9, 0,   3.0,20,   3.2,20,   6.0, 999.9,   78.8*,  50.0*, 0.00I,999.9, 000000,
426670,99999, 20200127,   69.4,19,   54.4,19, 1010.7, 4,  951.3, 4,   2.9,19,   5.0,19,  11.1, 999.9,   80.6*,  55.8 , 0.00I,999.9, 000000,
426670,99999, 20200128,   67.6,20,   55.0,20, 1011.8, 4,  952.3, 4,   3.0,20,   7.3,20,  14.0, 999.9,   78.8*,  56.5 , 0.00I,999.9, 000000,
426670,99999, 20200129,   64.6,18,   48.0,18, 9999.9, 0, 9999.9, 0,   3.1,18,   6.5,18,   8.9, 999.9,   73.8*,  54.3*, 0.00I,999.9, 000000,
426670,99999, 20200130,   59.9,19,   48.1,19, 9999.9, 0, 9999.9, 0,   2.1,19,   5.1,19,   8.0, 999.9,   68.0*,  50.4*, 0.00I,999.9, 100000,
426670,99999, 20200131,   60.0,21,   45.2,21, 9999.9, 0, 9999.9, 0,   3.2,21,   4.3,21,   8.0, 999.9,   71.6*,  45.7 , 0.00I,999.9, 000000,
426670,99999, 20200201,   61.7,18,   42.7,18, 1017.5, 4,  957.1, 4,   3.1,18,   5.3,18,  11.1, 999.9,   71.6*,  49.6 , 0.00I,999.9, 000000,
426670,99999, 20200202,   61.8,17,   42.5,17, 1019.0, 4,  958.2, 4,   3.2,17,   5.7,17,  12.0, 999.9,   72.0*,  47.1 , 0.00I,999.9, 000000,
426670,99999, 20200203,   63.5,20,   47.1,20, 9999.9, 0, 9999.9, 0,   3.2,20,   5.1,20,   8.9, 999.9,   74.1*,  50.9 , 0.00I,999.9, 000000,
426670,99999, 20200204,   66.3,18,   50.6,18, 9999.9, 0, 9999.9, 0,   3.3,18,   4.5,18,   9.9, 999.9,   77.0*,  53.4 , 0.00I,999.9, 000000,
426670,99999, 20200205,   62.7,17,   50.2,17, 9999.9, 0, 9999.9, 0,   2.7,17,   5.0,17,   7.0, 999.9,   75.2*,  51.1 , 0.00I,999.9, 000000,
426670,99999, 20200206,   64.5,18,   49.7,18, 1014.2, 4,  954.3, 4,   2.5,18,   5.4,18,   9.9, 999.9,   77.0*,  53.2 , 0.00I,999.9, 000000,
426670,99999, 20200207,   63.8,20,   49.8,20, 9999.9, 0, 9999.9, 0,   2.5,20,   6.3,20,  12.0, 999.9,   73.4*,  53.6*, 0.00I,999.9, 000000,
426670,99999, 20200208,   61.8,18,   44.6,18, 9999.9, 0, 9999.9, 0,   2.8,18,   6.7,18,  11.1, 999.9,   71.6*,  50.0*, 0.00I,999.9, 000000,
426670,99999, 20200209,   59.4,18,   41.6,18, 1020.2, 5,  957.5, 5,   2.6,18,   5.0,18,   8.0, 999.9,   73.4*,  46.4*, 0.00I,999.9, 000000,
426670,99999, 20200210,   65.0,20,   44.5,20, 1017.5, 4,  957.5, 4,   2.9,20,   4.9,20,   7.0, 999.9,   78.8*,  49.8 , 0.00I,999.9, 000000,
426670,99999, 20200211,   67.6,19,   46.9,19, 9999.9, 0, 9999.9, 0,   3.3,19,   3.7,19,   7.0, 999.9,   80.6*,  52.5 , 0.00I,999.9, 000000,
426670,99999, 20200212,   69.3,19,   51.7,19, 1018.4, 4,  958.5, 4,   3.0,19,   4.4,19,   8.9, 999.9,   80.6*,  54.7 , 0.00I,999.9, 000000,
426670,99999, 20200213,   71.1,20,   54.8,20, 9999.9, 0, 9999.9, 0,   3.0,20,   4.3,20,   9.9, 999.9,   82.8*,  55.4 , 0.00I,999.9, 000000,
426670,99999, 20200214,   70.3,19,   52.0,19, 9999.9, 0, 9999.9, 0,   3.3,19,   5.8,19,  12.0, 999.9,   82.4*,  55.4*, 0.00I,999.9, 000000,
426670,99999, 20200215,   69.8,19,   48.7,19, 9999.9, 0, 9999.9, 0,   3.4,19,   4.6,19,   9.9, 999.9,   82.4*,  54.3 , 0.00I,999.9, 000000,
426670,99999, 20200216,   68.9,20,   42.7,20, 1017.1, 5,  956.9, 5,   3.4,20,   4.2,20,   7.0, 999.9,   82.4*,  49.8 , 0.00I,999.9, 000000,
426670,99999, 20200217,   69.6,20,   43.4,20, 9999.9, 0, 9999.9, 0,   3.5,20,   4.4,19,   8.0, 999.9,   82.4*,  51.4 , 0.00I,999.9, 000000,
426670,99999, 20200218,   71.7,20,   44.7,20, 9999.9, 0, 9999.9, 0,   3.9,20,   3.5,20,   7.0, 999.9,   86.0*,  52.9 , 0.00I,999.9, 000000,
426670,99999, 20200219,   73.6,20,   47.7,20, 1013.0, 4,  954.1, 4,   3.4,20,   5.3,20,   9.9, 999.9,   87.8*,  55.4 , 0.00I,999.9, 000000,
426670,99999, 20200220,   76.0,23,   54.6,23, 9999.9, 0, 9999.9, 0,   3.4,23,   7.2,23,  12.0, 999.9,   89.6*,  63.7 , 0.00I,999.9, 000000,
426670,99999, 20200221,   74.6,21,   52.3,21, 9999.9, 0, 9999.9, 0,   3.4,21,   6.0,21,   8.9, 999.9,   87.8*,  62.6*, 0.00I,999.9, 000000,
426670,99999, 20200222,   71.4,20,   54.2,20, 9999.9, 0, 9999.9, 0,   3.1,20,   4.8,20,   8.0, 999.9,   82.4*,  59.0 , 0.00I,999.9, 000000,
426670,99999, 20200223,   69.0,20,   58.4,20, 9999.9, 0, 9999.9, 0,   1.8,20,   5.1,20,   7.0, 999.9,   81.3*,  57.2 , 0.00I,999.9, 100000,
426670,99999, 20200224,   68.8,20,   54.6,20, 9999.9, 0, 9999.9, 0,   2.3,20,   4.9,20,   9.9, 999.9,   78.8*,  56.5 , 0.00I,999.9, 100000,
426670,99999, 20200225,   66.7,17,   49.7,17, 1014.2, 5,  954.3, 5,   2.8,17,   4.1,17,   9.9, 999.9,   80.6*,  52.9 , 0.00I,999.9, 000000,
426670,99999, 20200226,   73.7,14,   50.1,14, 1014.7, 6,  955.4, 6,   3.0,14,   4.9,14,   9.9, 999.9,   82.4*,  55.4 , 0.00I,999.9, 000000,
426670,99999, 20200227,   76.2,17,   52.2,17, 1014.0, 6,  955.0, 6,   3.2,17,   4.5,17,   8.9, 999.9,   86.0*,  59.4 , 0.00I,999.9, 000000,
426670,99999, 20200228,   76.9,19,   53.2,19, 9999.9, 0, 9999.9, 0,   3.2,19,   4.8,19,   8.0, 999.9,   91.4*,  60.8*, 0.00I,999.9, 000000,
426670,99999, 20200229,   75.0,21,   55.0,21, 9999.9, 0, 9999.9, 0,   3.3,21,   6.1,21,   9.9, 999.9,   86.0*,  64.4*, 0.00I,999.9, 000000,
426670,99999, 20200301,   75.1,19,   60.4,19, 9999.9, 0, 9999.9, 0,   2.8,19,   5.2,19,   9.9, 999.9,   86.0*,  62.6*, 0.00I,999.9, 000000,
426670,99999, 20200302,   77.0,20,   57.4,20, 1010.9, 4,  952.3, 4,   2.8,20,   5.1,20,   8.9, 999.9,   88.5*,  65.1 , 0.16G,999.9, 000000,
426670,99999, 20200303,   75.4,20,   49.6,20, 1010.3, 4,  951.4, 4,   3.2,20,   5.5,20,  12.0, 999.9,   87.8*,  57.2*, 0.00G,999.9, 000000,
426670,99999, 20200304,   74.4,20,   52.0,20, 9999.9, 0, 9999.9, 0,   3.6,20,   6.0,20,  11.1, 999.9,   88.7 ,  59.7 , 0.00I,999.9, 000000,
426670,99999, 20200305,   74.2,19,   47.4,19, 9999.9, 0, 9999.9, 0,   3.5,19,   5.6,19,   9.9, 999.9,   87.8*,  57.6 , 0.00I,999.9, 000000,
426670,99999, 20200306,   73.6,21,   52.9,21, 9999.9, 0, 9999.9, 0,   3.3,21,   8.3,21,  17.1, 999.9,   86.0*,  60.8 , 0.00I,999.9, 000000,
426670,99999, 20200307,   71.0,20,   48.8,20, 9999.9, 0, 9999.9, 0,   3.6,20,   5.6,20,  14.0, 999.9,   84.2*,  56.8 , 0.00I,999.9, 000000,
426670,99999, 20200308,   70.7,21,   49.8,21, 9999.9, 0, 9999.9, 0,   4.0,21,   4.8,21,   8.9, 999.9,   80.6*,  56.1 , 0.00I,999.9, 000000,
426670,99999, 20200309,   72.3,19,   48.3,19, 1011.8, 5,  952.9, 5,   3.7,19,   7.1,19,  11.1, 999.9,   82.4*,  59.0*, 0.00I,999.9, 000000,
426670,99999, 20200310,   74.1,20,   55.5,20, 1009.1, 4,  950.6, 4,   3.2,20,   5.0,20,   8.0, 999.9,   84.2*,  65.5 , 0.02G,999.9, 010000,
426670,99999, 20200311,   72.6,17,   55.3,17, 1009.9, 5,  951.2, 5,   3.4,17,   7.3,17,  12.0, 999.9,   84.9*,  62.6*, 0.00G,999.9, 000000,
426670,99999, 20200312,   74.8,19,   51.1,19, 9999.9, 0, 9999.9, 0,   3.9,19,   7.5,19,  15.9, 999.9,   86.0*,  58.5 , 0.00I,999.9, 000000,
426670,99999, 20200313,   69.8,18,   42.5,18, 1014.1, 7,  954.9, 7,   3.2,18,   4.2,18,   8.0, 999.9,   80.6*,  57.2*, 0.02G,999.9, 000000,
426670,99999, 20200314,   67.4,15,   39.7,15, 1013.0, 5,  953.8, 5,   3.3,15,   4.6,15,  11.1, 999.9,   83.5*,  52.5 , 0.00G,999.9, 000000,
426670,99999, 20200315,   68.8,22,   43.4,22, 9999.9, 0, 9999.9, 0,   3.6,22,   5.4,22,   8.9, 999.9,   78.8*,  55.4 , 0.00I,999.9, 000000,
426670,99999, 20200316,   72.5,18,   48.1,18, 1014.6, 4,  955.3, 4,   3.4,18,   4.8,18,   8.9, 999.9,   84.2*,  55.2 , 0.00I,999.9, 000000,
426670,99999, 20200317,   75.7,21,   50.0,21, 9999.9, 0, 9999.9, 0,   3.8,21,   5.0,21,   8.0, 999.9,   87.8*,  58.6 , 0.00I,999.9, 000000,
426670,99999, 20200318,   80.0,20,   52.3,20, 1014.0, 5,  955.4, 5,   3.4,20,   4.6,20,   7.0, 999.9,   91.4*,  66.2 , 0.00I,999.9, 000000,
426670,99999, 20200319,   79.8,21,   55.3,21, 9999.9, 0, 9999.9, 0,   3.6,21,   4.5,21,  14.0, 999.9,   91.4*,  65.5 , 0.00I,999.9, 000000,
426670,99999, 20200320,   78.8,20,   55.6,20, 9999.9, 0, 9999.9, 0,   3.5,20,   7.1,20,  13.0, 999.9,   87.8*,  67.5 , 0.00I,999.9, 000000,
426670,99999, 20200321,   77.3,19,   48.5,19, 1010.8, 6,  952.4, 6,   3.5,19,   4.8,19,   9.9, 999.9,   89.6*,  60.1 , 0.00I,999.9, 000000,
426670,99999, 20200322,   79.9,19,   52.1,18, 1010.9, 4,  952.5, 4,   3.5,19,   3.2,19,   8.0, 999.9,   93.2*,  60.8*, 0.00I,999.9, 000000,
426670,99999, 20200323,   83.3,18,   52.8,18, 1009.7, 4,  951.7, 4,   3.9,18,   3.9,18,   8.9, 999.9,   96.8*,  66.0 , 0.00I,999.9, 000000,
426670,99999, 20200324,   83.5,13,   53.8,13, 1009.0, 4,  951.4, 4,   3.3,13,   4.1,13,   8.0, 999.9,   95.0*,  68.7 , 0.00I,999.9, 000000,
426670,99999, 20200325,   79.8,15,   60.0,15, 1010.0, 8,  952.1, 8,   2.8,15,   5.7,15,  11.1, 999.9,   95.7*,  68.0*, 0.28E,999.9, 010010,
426670,99999, 20200326,   78.9,11,   65.7,11, 1010.4, 8,  952.5, 8,   2.8,11,   5.4,11,   8.0, 999.9,   89.6*,  66.9 , 0.00I,999.9, 000000,
426670,99999, 20200327,   67.8,14,   65.2,14, 1014.3, 8,  955.0, 8,   2.7,14,   6.4,14,  12.0, 999.9,   71.6*,  64.4*, 0.16G,999.9, 010010,
426670,99999, 20200328,   74.4, 9,   62.9, 9, 1012.6, 8,  954.1, 8,   2.5, 9,   3.8, 9,   8.0, 999.9,   84.2*,  63.1 , 0.47G,999.9, 000000,
426670,99999, 20200329,   79.2, 8,   58.7, 8, 1010.6, 8,  952.8, 8,   2.5, 8,   5.7, 8,   8.9, 999.9,   90.0*,  66.4 , 0.00G,999.9, 000000,
426670,99999, 20200330,   84.6,10,   57.1,10, 1009.9, 8,  952.4, 8,   2.7,10,   7.1,10,  12.0, 999.9,   95.0*,  63.3 , 0.00I,999.9, 000000,
426670,99999, 20200331,   87.4,12,   55.2,12, 1008.9, 8,  951.8, 8,   2.9,12,   9.6,12,  14.0, 999.9,   97.5*,  71.6 , 0.00I,999.9, 000000,
426670,99999, 20200401,   84.2,10,   50.8,10, 1009.0, 8,  951.6, 8,   3.8,10,   9.5,10,  17.1, 999.9,   95.7*,  67.3 , 0.00I,999.9, 000000,
426670,99999, 20200402,   80.7, 8,   48.7, 8, 1009.7, 6,  951.7, 6,   3.3, 8,   6.5, 8,   9.9, 999.9,   93.2*,  66.2 , 0.00I,999.9, 000000,
426670,99999, 20200403,   80.3,10,   47.3,10, 1010.0, 7,  952.3, 7,   2.9,10,   5.7,10,  12.0, 999.9,   93.2*,  68.0 , 0.00I,999.9, 000000,
426670,99999, 20200404,   82.6, 8,   46.2, 8, 1010.5, 8,  952.9, 8,   2.5, 8,   5.5, 8,   8.9, 999.9,   95.0*,  68.4 , 0.00I,999.9, 000000,
426670,99999, 20200405,   86.0,11,   49.4,11, 1011.4, 7,  953.0, 7,   2.9,11,   4.8,11,   8.0, 999.9,   96.8*,  68.4 , 0.00I,999.9, 000000,
426670,99999, 20200406,   85.5, 8,   54.5, 8, 1008.7, 8,  951.6, 8,   2.5, 8,   4.2, 8,   8.0, 999.9,   99.0*,  68.0*, 0.00I,999.9, 000000,
426670,99999, 20200407,   87.0, 7,   49.4, 7, 1008.0, 7,  949.8, 7,   2.5, 7,   5.7, 7,  15.0, 999.9,  100.4*,  70.2 , 0.00I,999.9, 000000,
