STN---,WBAN , YEARMODA,   TEMP,  ,   DEWP,  ,  SLP  ,  ,  STP  ,  , VISIB,  ,  WDSP,  , MXSPD,  GUST,   MAX  ,  MIN  ,PRCP  ,SNDP , FRSHTT,
429710,99999, 20200101,   69.3,24,   51.2,24, 9999.9, 0, 9999.9, 0,   2.0,24,   3.3,24,   9.9, 999.9,   79.9*,  54.7 , 0.00I,999.9, 000000,
429710,99999, 20200102,   71.2,24,   59.5,24, 9999.9, 0, 9999.9, 0,   1.4,24,   2.4,24,   8.0, 999.9,   78.4*,  60.1 , 0.00E,999.9, 010000,
429710,99999, 20200103,   64.5,24,   62.0,24, 9999.9, 0, 9999.9, 0,   1.3,24,   4.2,24,   8.0, 999.9,   69.8*,  62.6 , 0.00G,999.9, 010000,
429710,99999, 20200104,   66.3,24,   64.2,24, 9999.9, 0, 9999.9, 0,   1.9,24,   1.4,24,   5.1, 999.9,   69.8*,  61.0 , 0.47G,999.9, 010000,
429710,99999, 20200105,   68.2,24,   63.1,24, 9999.9, 0, 9999.9, 0,   1.7,24,   2.0,24,   8.9, 999.9,   77.0*,  59.7 , 0.00G,999.9, 000000,
429710,99999, 20200106,   66.0,24,   56.5,24, 9999.9, 0, 9999.9, 0,   2.0,24,   1.5,24,   5.1, 999.9,   77.0*,  55.4*, 0.00I,999.9, 000000,
429710,99999, 20200107,   66.5,24,   55.2,24, 9999.9, 0, 9999.9, 0,   2.1,24,   0.4,24,   2.9, 999.9,   80.6*,  53.6 , 0.00I,999.9, 000000,
429710,99999, 20200108,   69.0,24,   59.8,24, 9999.9, 0, 9999.9, 0,   1.5,24,   2.0,24,   5.1, 999.9,   81.0*,  56.1 , 0.00I,999.9, 000000,
429710,99999, 20200109,   71.8,24,   65.1,24, 9999.9, 0, 9999.9, 0,   1.5,24,   0.9,24,   4.1, 999.9,   81.0*,  60.8 , 0.00I,999.9, 100000,
429710,99999, 20200110,   70.1,24,   62.3,24, 9999.9, 0, 9999.9, 0,   1.3,24,   1.9,24,   6.0, 999.9,   78.1*,  60.8*, 0.00G,999.9, 010000,
429710,99999, 20200111,   64.8,23,   53.6,23, 9999.9, 0, 9999.9, 0,   2.0,23,   2.7,23,   8.0, 999.9,   77.5 ,  53.6*, 0.00I,999.9, 000000,
429710,99999, 20200112,   64.7,24,   51.9,24, 9999.9, 0, 9999.9, 0,   2.1,24,   2.0,24,   7.0, 999.9,   77.7*,  52.3 , 0.00I,999.9, 000000,
429710,99999, 20200113,   66.8,24,   54.3,24, 9999.9, 0, 9999.9, 0,   2.1,24,   1.2,24,   6.0, 999.9,   81.3*,  52.5 , 0.00I,999.9, 000000,
429710,99999, 20200114,   69.0,24,   60.7,24, 9999.9, 0, 9999.9, 0,   1.2,24,   0.6,24,   2.9, 999.9,   83.1*,  55.4 , 0.00I,999.9, 100000,
429710,99999, 20200115,   70.5,24,   63.3,24, 9999.9, 0, 9999.9, 0,   1.3,24,   1.1,24,   4.1, 999.9,   82.8*,  60.8 , 0.00I,999.9, 100000,
429710,99999, 20200116,   70.8,24,   61.1,24, 9999.9, 0, 9999.9, 0,   1.2,24,   1.2,24,   7.0, 999.9,   85.3*,  60.8*, 0.00I,999.9, 100000,
429710,99999, 20200117,   72.2,24,   64.0,24, 9999.9, 0, 9999.9, 0,   1.3,24,   1.4,24,   7.0, 999.9,   84.9*,  61.7 , 0.00I,999.9, 100000,
429710,99999, 20200118,   72.4,24,   63.4,24, 9999.9, 0, 9999.9, 0,   1.8,24,   1.0,24,   5.1, 999.9,   86.0*,  60.8*, 0.00I,999.9, 000000,
429710,99999, 20200119,   72.6,24,   60.8,24, 9999.9, 0, 9999.9, 0,   2.6,24,   0.9,24,   5.1, 999.9,   87.1*,  59.0*, 0.00I,999.9, 000000,
429710,99999, 20200120,   71.4,24,   63.9,24, 9999.9, 0, 9999.9, 0,   1.6,24,   2.6,24,   8.0, 999.9,   83.5*,  64.0 , 0.00I,999.9, 000000,
429710,99999, 20200121,   71.0,24,   63.5,24, 9999.9, 0, 9999.9, 0,   1.2,24,   1.9,24,   6.0, 999.9,   82.4*,  62.6*, 0.00I,999.9, 000000,
429710,99999, 20200122,   72.5,24,   63.5,24, 9999.9, 0, 9999.9, 0,   1.5,24,   1.5,24,   6.0, 999.9,   85.3*,  61.0 , 0.00I,999.9, 000000,
429710,99999, 20200123,   75.4,24,   68.3,24, 9999.9, 0, 9999.9, 0,   1.7,24,   1.2,24,   7.0, 999.9,   87.8*,  65.3 , 0.00I,999.9, 000000,
429710,99999, 20200124,   73.8,24,   63.0,24, 9999.9, 0, 9999.9, 0,   1.5,24,   2.1,24,   8.0, 999.9,   84.6*,  66.2*, 0.00I,999.9, 000000,
429710,99999, 20200125,   70.5,24,   57.8,24, 9999.9, 0, 9999.9, 0,   1.9,24,   1.5,24,   7.0, 999.9,   82.4*,  60.8*, 0.00I,999.9, 000000,
429710,99999, 20200126,   70.3,24,   60.2,24, 9999.9, 0, 9999.9, 0,   1.8,24,   0.4,24,   8.0, 999.9,   82.4*,  57.2*, 0.00I,999.9, 000000,
429710,99999, 20200127,   70.1,24,   55.9,24, 9999.9, 0, 9999.9, 0,   2.5,24,   1.5,24,   7.0, 999.9,   84.2*,  55.9 , 0.00I,999.9, 000000,
429710,99999, 20200128,   73.9,24,   65.1,24, 9999.9, 0, 9999.9, 0,   2.3,24,   1.7,24,   8.0, 999.9,   86.4*,  60.1 , 0.00I,999.9, 000000,
429710,99999, 20200129,   78.8,24,   70.6,24, 9999.9, 0, 9999.9, 0,   2.1,24,   2.8,24,   7.0, 999.9,   90.7*,  70.5 , 0.00H,999.9, 010010,
429710,99999, 20200130,   77.5,24,   69.1,24, 9999.9, 0, 9999.9, 0,   2.2,24,   2.0,24,   8.9, 999.9,   87.1*,  69.8*, 0.01G,999.9, 000010,
429710,99999, 20200131,   72.1,24,   62.6,24, 9999.9, 0, 9999.9, 0,   1.9,24,   2.4,24,   8.0, 999.9,   81.3*,  66.2*, 0.00G,999.9, 000000,
429710,99999, 20200201,   71.6,24,   61.1,24, 9999.9, 0, 9999.9, 0,   1.8,24,   3.7,24,   8.0, 999.9,   81.0*,  61.9 , 0.00I,999.9, 000000,
429710,99999, 20200202,   71.0,24,   57.3,24, 9999.9, 0, 9999.9, 0,   2.0,24,   3.8,24,   8.9, 999.9,   79.5*,  63.9 , 0.00I,999.9, 000000,
429710,99999, 20200203,   69.8,24,   55.2,24, 9999.9, 0, 9999.9, 0,   2.1,24,   3.3,24,   8.9, 999.9,   78.8*,  62.6*, 0.00I,999.9, 000000,
429710,99999, 20200204,   71.7,24,   57.0,24, 9999.9, 0, 9999.9, 0,   2.1,24,   2.6,24,   8.9, 999.9,   82.4*,  60.8 , 0.00I,999.9, 000000,
429710,99999, 20200205,   66.9,24,   64.0,24, 9999.9, 0, 9999.9, 0,   1.0,24,   1.2,24,   8.0, 999.9,   69.8*,  64.4*, 0.00G,999.9, 110000,
429710,99999, 20200206,   72.1,24,   66.5,24, 9999.9, 0, 9999.9, 0,   1.3,24,   2.8,24,   8.0, 999.9,   80.6*,  62.4 , 0.08G,999.9, 010000,
429710,99999, 20200207,   67.6,24,   61.2,24, 9999.9, 0, 9999.9, 0,   1.4,24,   4.1,24,   8.9, 999.9,   73.4*,  64.0*, 0.03G,999.9, 010000,
429710,99999, 20200208,   63.6,24,   59.5,24, 9999.9, 0, 9999.9, 0,   1.3,24,   5.9,24,  11.1, 999.9,   68.0*,  60.8*, 0.04G,999.9, 010000,
429710,99999, 20200209,   66.0,24,   61.2,24, 9999.9, 0, 9999.9, 0,   1.8,24,   0.9,24,   7.0, 999.9,   73.4*,  59.0 , 0.16G,999.9, 010000,
429710,99999, 20200210,   68.2,24,   57.4,24, 9999.9, 0, 9999.9, 0,   2.2,24,   1.0,24,   6.0, 999.9,   80.6*,  57.2*, 0.00G,999.9, 000000,
429710,99999, 20200211,   67.8,24,   53.8,24, 9999.9, 0, 9999.9, 0,   2.3,24,   0.5,24,   4.1, 999.9,   81.0*,  55.2 , 0.00I,999.9, 000000,
429710,99999, 20200212,   69.5,24,   54.1,24, 9999.9, 0, 9999.9, 0,   2.6,24,   0.7,24,   5.1, 999.9,   84.6*,  54.7 , 0.00I,999.9, 000000,
429710,99999, 20200213,   72.5,24,   50.8,24, 9999.9, 0, 9999.9, 0,   2.9,24,   3.6,18,   9.9, 999.9,   88.5*,  55.0 , 0.00I,999.9, 000000,
429710,99999, 20200214,   74.9,24,   53.7,24, 9999.9, 0, 9999.9, 0,   3.1,24,   4.0,24,  17.1, 999.9,   91.4*,  58.1 , 0.00I,999.9, 000000,
429710,99999, 20200215,   75.5,24,   57.2,24, 9999.9, 0, 9999.9, 0,   2.9,24,   3.0,24,   9.9, 999.9,   92.8*,  60.1 , 0.00I,999.9, 100000,
429710,99999, 20200216,   74.9,24,   66.1,24, 9999.9, 0, 9999.9, 0,   1.4,24,   1.4,24,   4.1, 999.9,   88.5*,  62.6*, 0.00I,999.9, 100000,
429710,99999, 20200217,   76.8,24,   66.6,24, 9999.9, 0, 9999.9, 0,   1.7,24,   0.9,24,   5.1, 999.9,   89.2*,  66.2*, 0.00I,999.9, 100000,
429710,99999, 20200218,   75.5,24,   55.6,24, 9999.9, 0, 9999.9, 0,   2.0,24,   0.9,24,   7.0, 999.9,   91.0*,  60.8*, 0.00I,999.9, 100000,
429710,99999, 20200219,   75.8,24,   63.0,24, 9999.9, 0, 9999.9, 0,   2.3,24,   1.2,24,  15.5, 999.9,   90.7*,  58.1 , 0.00I,999.9, 000000,
429710,99999, 20200220,   76.4,24,   64.4,24, 9999.9, 0, 9999.9, 0,   2.5,24,   1.3,24,   6.0, 999.9,   88.5*,  65.8 , 0.00I,999.9, 000000,
429710,99999, 20200221,   75.2,24,   60.9,24, 9999.9, 0, 9999.9, 0,   2.6,24,   1.4,24,   8.0, 999.9,   91.0*,  62.6*, 0.00I,999.9, 000000,
429710,99999, 20200222,   74.7,24,   58.1,24, 9999.9, 0, 9999.9, 0,   2.0,24,   1.0,24,   8.0, 999.9,   90.7*,  62.6 , 0.00I,999.9, 000000,
429710,99999, 20200223,   75.3,24,   60.8,24, 9999.9, 0, 9999.9, 0,   2.0,24,   0.7,24,   8.0, 999.9,   90.7*,  61.5 , 0.00I,999.9, 000000,
429710,99999, 20200224,   71.8,24,   63.3,24, 9999.9, 0, 9999.9, 0,   1.7,24,   2.7,24,  14.0, 999.9,   81.0*,  64.4 , 0.00I,999.9, 000000,
429710,99999, 20200225,   66.8,24,   63.2,24, 9999.9, 0, 9999.9, 0,   1.3,24,   3.6,24,  17.1, 999.9,   69.8*,  62.6*, 0.31G,999.9, 010010,
429710,99999, 20200226,   70.9,24,   65.9,24, 9999.9, 0, 9999.9, 0,   1.9,24,   1.2,24,   5.1, 999.9,   80.6*,  61.7 , 3.07G,999.9, 000000,
429710,99999, 20200227,   73.0,24,   60.4,24, 9999.9, 0, 9999.9, 0,   2.4,24,   1.5,24,  11.1, 999.9,   86.0*,  62.1 , 0.00G,999.9, 000000,
429710,99999, 20200228,   72.6,24,   63.6,24, 9999.9, 0, 9999.9, 0,   2.0,24,   0.9,24,   5.1, 999.9,   84.2*,  62.6*, 0.00I,999.9, 100000,
429710,99999, 20200229,   75.6,24,   64.7,24, 9999.9, 0, 9999.9, 0,   2.6,24,   1.1,24,   6.0, 999.9,   87.4*,  63.5 , 0.00I,999.9, 000000,
429710,99999, 20200301,   77.0,24,   65.4,24, 9999.9, 0, 9999.9, 0,   2.4,24,   0.9,24,   5.1, 999.9,   89.2*,  64.9 , 0.00I,999.9, 000000,
429710,99999, 20200302,   78.7,24,   65.8,24, 9999.9, 0, 9999.9, 0,   2.5,24,   1.0,24,   5.1, 999.9,   91.4*,  67.5 , 0.00I,999.9, 000000,
429710,99999, 20200303,   79.3,24,   67.3,24, 9999.9, 0, 9999.9, 0,   2.4,24,   0.7,24,   5.1, 999.9,   92.5*,  66.9 , 0.00I,999.9, 000000,
429710,99999, 20200304,   76.1,24,   69.4,24, 9999.9, 0, 9999.9, 0,   2.0,24,   1.8,24,  12.0, 999.9,   86.0*,  66.2*, 0.00G,999.9, 010010,
429710,99999, 20200305,   77.8,24,   69.1,24, 9999.9, 0, 9999.9, 0,   2.3,24,   2.2,24,   8.0, 999.9,   88.5*,  68.7 , 0.51G,999.9, 010000,
429710,99999, 20200306,   75.1,24,   69.3,24, 9999.9, 0, 9999.9, 0,   2.5,24,   2.3,24,   8.9, 999.9,   84.2*,  68.2 , 0.16G,999.9, 010000,
429710,99999, 20200307,   77.1,24,   71.7,24, 9999.9, 0, 9999.9, 0,   2.4,24,   1.5,24,   8.0, 999.9,   87.8*,  69.8*, 0.02G,999.9, 010000,
429710,99999, 20200308,   79.8,24,   73.4,24, 9999.9, 0, 9999.9, 0,   2.5,24,   1.6,24,   8.9, 999.9,   89.2*,  69.8 , 0.08G,999.9, 000000,
429710,99999, 20200309,   80.9,24,   68.4,24, 9999.9, 0, 9999.9, 0,   2.5,24,   2.1,24,   7.0, 999.9,   91.4*,  70.9 , 0.00G,999.9, 100000,
429710,99999, 20200310,   81.2,24,   72.0,24, 9999.9, 0, 9999.9, 0,   2.3,24,   1.6,24,   6.0, 999.9,   92.1*,  72.9 , 0.00I,999.9, 000000,
429710,99999, 20200311,   80.6,22,   73.3,22, 1011.5, 4, 9999.9, 0,   2.4,22,   1.5,22,   8.0, 999.9,   92.1*,  73.6 , 0.00I,999.9, 000000,
429710,99999, 20200312,   81.8,24,   73.2,24, 9999.9, 0, 9999.9, 0,   2.8,24,   2.8,24,   8.0, 999.9,   92.1*,  73.8 , 0.00I,999.9, 000010,
429710,99999, 20200313,   81.7,24,   73.0,24, 1012.3, 4, 9999.9, 0,   2.7,24,   2.3,24,   8.9, 999.9,   94.3*,  73.8 , 0.00I,999.9, 000000,
429710,99999, 20200314,   79.2,20,   68.9,20, 9999.9, 0, 9999.9, 0,   2.5,20,   4.8,20,  12.0, 999.9,   91.8*,  71.6 , 0.00I,999.9, 000000,
429710,99999, 20200315,   79.1,24,   66.4,24, 9999.9, 0, 9999.9, 0,   3.1,24,   2.9,24,   8.0, 999.9,   90.0*,  67.8 , 0.00I,999.9, 000000,
429710,99999, 20200316,   82.8,24,   70.8,24, 9999.9, 0, 9999.9, 0,   2.9,24,   2.0,24,   8.9, 999.9,   93.2*,  72.9 , 0.00I,999.9, 000000,
429710,99999, 20200317,   83.6,24,   72.3,24, 9999.9, 0, 9999.9, 0,   2.8,24,   3.2,24,   9.9, 999.9,   95.4*,  73.4 , 0.00I,999.9, 000000,
429710,99999, 20200318,   83.6,24,   72.4,24, 9999.9, 0, 9999.9, 0,   2.6,24,   1.6,24,   8.0, 999.9,   95.0*,  71.6 , 0.00I,999.9, 100000,
429710,99999, 20200319,   77.8,24,   70.6,24, 9999.9, 0, 9999.9, 0,   2.0,24,   2.0,24,  12.0, 999.9,   91.4*,  66.2*, 0.12E,999.9, 110010,
429710,99999, 20200320,   80.2,24,   69.3,24, 9999.9, 0, 9999.9, 0,   3.1,24,   2.6,24,   8.0, 999.9,   91.8*,  65.1 , 0.00I,999.9, 000000,
429710,99999, 20200321,   78.2,24,   70.4,24, 9999.9, 0, 9999.9, 0,   2.6,24,   1.7,24,  14.0, 999.9,   91.8*,  68.0*, 1.34E,999.9, 010010,
429710,99999, 20200322,   78.8,24,   70.4,24, 9999.9, 0, 9999.9, 0,   2.8,24,   3.0,24,  11.1, 999.9,   91.4*,  69.1 , 0.00I,999.9, 000010,
429710,99999, 20200323,   78.3,24,   69.5,24, 9999.9, 0, 9999.9, 0,   2.9,24,   3.0,24,  13.0, 999.9,   90.7*,  69.1 , 0.00E,999.9, 010010,
429710,99999, 20200324,   82.0,24,   71.2,24, 9999.9, 0, 9999.9, 0,   3.1,24,   1.9,24,   7.0, 999.9,   93.9*,  68.9 , 0.00G,999.9, 000000,
429710,99999, 20200325,   83.5,24,   73.9,24, 9999.9, 0, 9999.9, 0,   2.6,24,   2.9,24,  11.1, 999.9,   95.0*,  72.7 , 0.00I,999.9, 000000,
429710,99999, 20200326,   85.2,24,   70.0,24, 9999.9, 0, 9999.9, 0,   2.6,24,   2.0,24,   9.9, 999.9,   98.6*,  73.2 , 0.00I,999.9, 100000,
429710,99999, 20200327,   86.4,24,   70.6,24, 1010.5, 4, 9999.9, 0,   2.2,24,   1.1,24,   6.0, 999.9,   98.6*,  75.2*, 0.00I,999.9, 100000,
429710,99999, 20200328,   87.1,24,   73.0,24, 1009.7, 5, 9999.9, 0,   2.4,24,   2.0,24,   8.9, 999.9,  100.4*,  77.0 , 0.00I,999.9, 100000,
429710,99999, 20200329,   85.0,24,   71.2,24, 1009.4, 5, 9999.9, 0,   2.4,24,   2.7,24,  12.0, 999.9,  100.8*,  75.2*, 0.12E,999.9, 010010,
429710,99999, 20200330,   85.2,24,   71.7,24, 1010.2, 4, 9999.9, 0,   2.7,24,   2.5,24,  11.1, 999.9,   97.2*,  72.3 , 0.00I,999.9, 000000,
429710,99999, 20200331,   86.3,24,   73.4,24, 1010.0, 5, 9999.9, 0,   2.6,24,   1.6,24,   8.9, 999.9,   97.9*,  74.3 , 0.00I,999.9, 000000,
429710,99999, 20200401,   88.0,24,   72.5,24, 1008.7, 4, 9999.9, 0,   2.6,24,   3.0,24,   8.9, 999.9,  102.2*,  75.0 , 0.00I,999.9, 000000,
429710,99999, 20200402,   86.9,24,   75.4,24, 1008.2, 5, 9999.9, 0,   2.7,24,   3.1,24,  12.0, 999.9,  100.8*,  78.4*, 0.00I,999.9, 000000,
429710,99999, 20200403,   87.2,24,   71.3,24, 1009.7, 5, 9999.9, 0,   3.0,24,   3.3,24,  12.0, 999.9,   99.3*,  76.6 , 0.00I,999.9, 000000,
429710,99999, 20200404,   82.7,22,   75.2,22, 9999.9, 0, 9999.9, 0,   2.3,22,   0.9,22,   6.0, 999.9,   89.6*,  77.0 , 0.00I,999.9, 000000,
429710,99999, 20200405,   84.5,24,   77.4,24, 9999.9, 0, 9999.9, 0,   2.1,24,   1.4,24,   9.9, 999.9,   93.9*,  78.6 , 0.00I,999.9, 000000,
429710,99999, 20200406,   87.6,22,   74.3,22, 1010.5, 5, 9999.9, 0,   2.4,22,   2.7,22,   8.9, 999.9,  100.4*,  77.7 , 0.00I,999.9, 000000,
429710,99999, 20200407,   87.6,21,   74.3,21, 9999.9, 0, 9999.9, 0,   2.9,21,   5.0,21,  11.1, 999.9,   99.7*,  75.9 , 0.00I,999.9, 000000,
