STN---,WBAN , YEARMODA,   TEMP,  ,   DEWP,  ,  SLP  ,  ,  STP  ,  , VISIB,  ,  WDSP,  , MXSPD,  GUST,   MAX  ,  MIN  ,PRCP  ,SNDP , FRSHTT,
421050,99999, 20200101,   51.3, 8,   40.0, 8, 1023.2, 8, 9999.9, 0,   1.9, 8,   0.4, 8,   1.9, 999.9,   68.0 ,  38.3 , 0.00I,999.9, 000000,
421050,99999, 20200102,   55.0, 8,   43.1, 8, 1022.0, 8, 9999.9, 0,   1.4, 8,   0.0, 8, 999.9, 999.9,   70.9 ,  43.0 , 0.00I,999.9, 000000,
421050,99999, 20200103,   55.9, 8,   45.5, 8, 1019.0, 8, 9999.9, 0,   1.9, 8,   0.6, 8,   1.9, 999.9,   71.6 ,  43.7 , 0.00I,999.9, 000000,
421050,99999, 20200104,   55.0, 7,   43.5, 7, 1018.3, 7, 9999.9, 0,   2.0, 7,   0.6, 7,   1.9, 999.9,   71.6 ,  44.1 , 0.00I,999.9, 000000,
421050,99999, 20200105,   54.5, 8,   43.3, 8, 1018.6, 8, 9999.9, 0,   1.9, 8,   2.0, 8,   5.1, 999.9,   68.0 ,  42.1 , 0.00I,999.9, 100000,
421050,99999, 20200106,   54.3, 8,   49.1, 8, 1020.2, 8, 9999.9, 0,   2.2, 8,   0.7, 8,   2.9, 999.9,   64.2 ,  52.3 , 0.00G,999.9, 010000,
421050,99999, 20200107,   56.3, 8,   52.0, 8, 1017.3, 8, 9999.9, 0,   1.2, 8,   0.4, 8,   1.9, 999.9,   70.3*,  52.0 , 0.35G,999.9, 010000,
421050,99999, 20200108,   51.8, 8,   49.3, 8, 1016.2, 8, 9999.9, 0,   1.4, 8,   1.0, 8,   4.1, 999.9,   58.6 ,  47.8*, 0.91G,999.9, 010000,
421050,99999, 20200109,   49.5, 8,   45.0, 8, 1020.7, 8, 9999.9, 0,   1.4, 8,   3.7, 8,   6.0, 999.9,   59.2 ,  44.1 , 0.12G,999.9, 100000,
421050,99999, 20200110,   51.4, 8,   42.6, 8, 1020.2, 8, 9999.9, 0,   2.3, 8,   2.1, 8,   5.1, 999.9,   64.4 ,  41.4 , 0.00G,999.9, 000000,
421050,99999, 20200111,   52.0, 6,   44.1, 6, 1019.9, 6, 9999.9, 0,   2.1, 6,   0.3, 6,   1.9, 999.9,   65.5 ,  40.6 , 0.00I,999.9, 000000,
421050,99999, 20200112,   55.9, 7,   50.4, 7, 1015.9, 7, 9999.9, 0,   1.1, 7,   0.3, 7,   1.0, 999.9,   65.7 ,  49.1 , 0.00G,999.9, 000000,
421050,99999, 20200113,   55.5, 6,   49.3, 6, 1011.5, 5, 9999.9, 0,   1.6, 6,   2.1, 6,   6.0, 999.9,   65.7 ,  52.3 , 0.43E,999.9, 010010,
421050,99999, 20200114,   51.5, 8,   49.0, 8, 1016.8, 8, 9999.9, 0,   0.7, 8,   1.2, 8,   2.9, 999.9,   63.5 ,  47.5 , 0.00I,999.9, 100000,
421050,99999, 20200115,   53.2, 8,   48.9, 8, 1017.7, 8, 9999.9, 0,   0.9, 8,   1.2, 8,   2.9, 999.9,   62.2 ,  48.6 , 0.00I,999.9, 100000,
421050,99999, 20200116,   52.8, 8,   49.7, 8, 1016.6, 8, 9999.9, 0,   0.7, 8,   1.1, 8,   1.9, 999.9,   62.2 ,  45.7 , 0.02E,999.9, 110000,
421050,99999, 20200117,   53.6, 8,   50.1, 8, 1017.7, 8, 9999.9, 0,   1.2, 8,   1.1, 8,   4.1, 999.9,   62.4 ,  48.9 , 0.00I,999.9, 100000,
421050,99999, 20200118,   55.5, 8,   49.4, 8, 1019.2, 8, 9999.9, 0,   1.2, 8,   0.6, 8,   1.9, 999.9,   65.8 ,  50.0*, 0.00I,999.9, 100000,
421050,99999, 20200119,   52.7, 8,   46.6, 8, 1019.5, 8, 9999.9, 0,   1.4, 8,   1.6, 8,   4.1, 999.9,   65.8 ,  43.9 , 0.00I,999.9, 100000,
421050,99999, 20200120,   54.4, 8,   48.7, 8, 1018.3, 8, 9999.9, 0,   0.9, 8,   0.1, 8,   1.0, 999.9,   64.4 ,  45.1 , 0.00I,999.9, 100000,
421050,99999, 20200121,   55.5, 7,   48.8, 7, 1020.0, 7, 9999.9, 0,   1.6, 7,   0.3, 7,   1.9, 999.9,   68.7 ,  49.6*, 0.00G,999.9, 100000,
421050,99999, 20200122,   55.0, 8,   46.0, 8, 1020.8, 8, 9999.9, 0,   2.3, 8,   1.9, 8,   2.9, 999.9,   69.8 ,  44.2 , 0.00I,999.9, 000000,
421050,99999, 20200123,   53.2, 8,   42.6, 8, 1019.1, 8, 9999.9, 0,   2.3, 8,   3.4, 8,   6.0, 999.9,   69.8 ,  44.1 , 0.00I,999.9, 000000,
421050,99999, 20200124,   54.5, 8,   44.6, 8, 1016.1, 8, 9999.9, 0,   2.3, 8,   3.0, 8,   8.0, 999.9,   66.9 ,  45.9 , 0.00I,999.9, 000000,
421050,99999, 20200125,   53.2, 8,   47.6, 8, 1017.2, 8, 9999.9, 0,   1.7, 8,   0.9, 8,   4.1, 999.9,   66.9 ,  43.2 , 0.00I,999.9, 100000,
421050,99999, 20200126,   54.3, 8,   47.3, 8, 1014.9, 8, 9999.9, 0,   1.4, 8,   1.6, 8,   5.1, 999.9,   67.8 ,  44.8 , 0.00I,999.9, 100000,
421050,99999, 20200127,   54.9, 7,   49.6, 7, 1013.1, 7, 9999.9, 0,   1.0, 7,   0.3, 7,   1.9, 999.9,   67.8 ,  45.5 ,99.99 ,999.9, 010000,
421050,99999, 20200128,   58.2, 7,   50.1, 7, 1011.7, 7, 9999.9, 0,   1.9, 7,   2.6, 7,   5.1, 999.9,   66.2 ,  53.8 , 0.12G,999.9, 010000,
421050,99999, 20200129,   56.3, 8,   48.7, 8, 1018.3, 8, 9999.9, 0,   1.7, 8,   0.8, 8,   2.9, 999.9,   66.9 ,  33.8 , 0.35G,999.9, 000000,
421050,99999, 20200130,   54.5, 8,   46.4, 8, 1017.8, 8, 9999.9, 0,   1.9, 8,   3.0, 8,   6.0, 999.9,   66.9 ,  45.9 , 0.00G,999.9, 100000,
421050,99999, 20200131,   52.3, 8,   48.1, 8, 1016.2, 8, 9999.9, 0,   1.2, 8,   1.6, 8,   4.1, 999.9,   66.7 ,  46.4 , 0.00I,999.9, 100000,
421050,99999, 20200201,   52.7, 8,   47.7, 8, 1019.8, 8, 9999.9, 0,   1.1, 8,   1.7, 8,   2.9, 999.9,   61.7 ,  44.6 , 0.00I,999.9, 100000,
421050,99999, 20200202,   52.9, 8,   45.7, 8, 1020.4, 8, 9999.9, 0,   1.3, 8,   1.7, 8,   4.1, 999.9,   65.5 ,  42.8 , 0.00I,999.9, 100000,
421050,99999, 20200203,   53.7, 8,   44.8, 8, 1018.8, 8, 9999.9, 0,   1.6, 8,   0.6, 8,   1.9, 999.9,   68.2 ,  41.9 , 0.00I,999.9, 000000,
421050,99999, 20200204,   56.0, 7,   45.0, 7, 1018.2, 7, 9999.9, 0,   2.0, 7,   1.1, 7,   1.9, 999.9,   68.2 ,  43.7 , 0.00I,999.9, 000000,
421050,99999, 20200205,   54.7, 8,   44.8, 8, 1017.4, 8, 9999.9, 0,   2.2, 8,   1.7, 8,   4.1, 999.9,   67.6 ,  44.6 , 0.00I,999.9, 000000,
421050,99999, 20200206,   53.6, 8,   43.8, 8, 1017.0, 8, 9999.9, 0,   2.0, 8,   1.0, 8,   2.9, 999.9,   67.3 ,  43.5 , 0.00I,999.9, 000000,
421050,99999, 20200207,   54.5, 8,   45.5, 8, 1020.0, 8, 9999.9, 0,   1.7, 8,   1.2, 8,   1.9, 999.9,   66.2 ,  44.1 , 0.00I,999.9, 000000,
421050,99999, 20200208,   54.0, 7,   45.2, 7, 1021.5, 7, 9999.9, 0,   1.8, 7,   1.4, 7,   5.1, 999.9,   67.6 ,  44.1 , 0.00I,999.9, 000000,
421050,99999, 20200209,   56.0, 8,   46.0, 8, 1021.6, 8, 9999.9, 0,   1.7, 8,   0.8, 8,   2.9, 999.9,   70.9 ,  42.8 , 0.00I,999.9, 000000,
421050,99999, 20200210,   56.0, 8,   46.3, 8, 1019.7, 8, 9999.9, 0,   1.9, 8,   1.1, 8,   2.9, 999.9,   70.9 ,  44.2 , 0.00I,999.9, 000000,
421050,99999, 20200211,   57.6, 8,   48.6, 8, 1020.0, 8, 9999.9, 0,   2.0, 8,   1.3, 8,   2.9, 999.9,   71.6 ,  45.1 , 0.00I,999.9, 000000,
421050,99999, 20200212,   60.5, 7,   51.5, 7, 1018.5, 7, 9999.9, 0,   1.9, 7,   2.8, 7,   6.0, 999.9,   74.1 ,  48.9 , 0.00I,999.9, 000000,
421050,99999, 20200213,   63.5, 8,   55.6, 8, 1015.1, 8, 9999.9, 0,   2.2, 8,   3.9, 8,   6.0, 999.9,   78.4 ,  51.6 , 0.00I,999.9, 000000,
421050,99999, 20200214,   59.9, 7,   52.8, 7, 1012.6, 7, 9999.9, 0,   2.3, 7,   3.8, 7,   6.0, 999.9,   78.4 ,  52.5 , 0.00I,999.9, 000000,
421050,99999, 20200215,   60.2, 7,   52.6, 7, 1013.5, 7, 9999.9, 0,   2.5, 7,   3.5, 7,   6.0, 999.9,   74.1 ,  51.8 , 0.00I,999.9, 000000,
421050,99999, 20200216,   62.8, 8,   51.3, 8, 1016.4, 8, 9999.9, 0,   2.3, 8,   0.8, 8,   2.9, 999.9,   77.9 ,  50.7 , 0.00I,999.9, 000000,
421050,99999, 20200217,   63.1, 7,   47.6, 7, 1017.1, 7, 9999.9, 0,   2.5, 7,   2.7, 7,   6.0, 999.9,   77.9 ,  48.6 , 0.00I,999.9, 000000,
421050,99999, 20200218,   62.0, 8,   50.3, 8, 1014.0, 8, 9999.9, 0,   2.5, 8,   1.6, 8,   4.1, 999.9,   76.5 ,  49.5 , 0.00I,999.9, 000000,
421050,99999, 20200219,   65.9, 8,   50.9, 8, 1013.1, 8, 9999.9, 0,   2.5, 8,   3.4, 8,   6.0, 999.9,   76.5 ,  50.4 , 0.00I,999.9, 000000,
421050,99999, 20200220,   70.1, 8,   51.3, 8, 1013.5, 8, 9999.9, 0,   2.5, 8,   3.4, 8,   6.0, 999.9,   79.5 ,  61.2 , 0.00E,999.9, 010000,
421050,99999, 20200221,   63.4, 8,   53.9, 8, 1019.3, 8, 9999.9, 0,   2.3, 8,   1.1, 8,   2.9, 999.9,   79.5 ,  56.5*, 0.01G,999.9, 010000,
421050,99999, 20200222,   64.8, 8,   54.3, 8, 1020.8, 8, 9999.9, 0,   2.3, 8,   1.0, 8,   2.9, 999.9,   77.0 ,  52.5 , 0.02G,999.9, 000000,
421050,99999, 20200223,   64.3, 8,   52.0, 8, 1018.3, 8, 9999.9, 0,   2.3, 8,   0.7, 8,   1.9, 999.9,   78.3 ,  54.0 , 0.00G,999.9, 010000,
421050,99999, 20200224,   64.9, 8,   52.9, 8, 1014.8, 8, 9999.9, 0,   2.5, 8,   1.2, 8,   2.9, 999.9,   78.3 ,  52.0 , 0.00G,999.9, 000000,
421050,99999, 20200225,   64.5, 8,   51.4, 8, 1013.9, 8, 9999.9, 0,   2.5, 8,   1.0, 8,   1.9, 999.9,   77.2 ,  53.6 , 0.00I,999.9, 000000,
421050,99999, 20200226,   67.1, 8,   56.6, 8, 1014.8, 8, 9999.9, 0,   2.0, 8,   1.5, 8,   2.9, 999.9,   76.8 ,  54.0 , 0.00I,999.9, 000000,
421050,99999, 20200227,   66.7, 8,   58.5, 8, 1014.8, 8, 9999.9, 0,   1.9, 8,   1.1, 8,   2.9, 999.9,   76.6 ,  59.2 , 0.00I,999.9, 000000,
421050,99999, 20200228,   68.4, 8,   57.6, 8, 1013.6, 8, 9999.9, 0,   2.3, 8,   4.0, 8,   8.0, 999.9,   76.6 ,  61.9 , 0.00I,999.9, 000000,
421050,99999, 20200229,   63.1, 8,   55.3, 8, 1013.9, 8, 9999.9, 0,   2.5, 8,   2.0, 8,   5.1, 999.9,   76.6 ,  55.0*, 0.01G,999.9, 010010,
421050,99999, 20200301,   65.1, 7,   54.3, 7, 1014.0, 7, 9999.9, 0,   2.1, 7,   0.7, 7,   1.9, 999.9,   79.3 ,  51.8 , 0.12G,999.9, 000000,
421050,99999, 20200302,   67.2, 8,   54.5, 8, 1012.9, 8, 9999.9, 0,   2.3, 8,   1.0, 8,   2.9, 999.9,   81.0 ,  53.8 , 0.00G,999.9, 000000,
421050,99999, 20200303,   66.7, 8,   55.1, 8, 1010.9, 8, 9999.9, 0,   2.5, 8,   0.8, 8,   2.9, 999.9,   81.0 ,  55.0 , 0.00I,999.9, 000000,
421050,99999, 20200304,   68.6, 8,   52.0, 8, 1010.4, 8, 9999.9, 0,   2.5, 8,   1.5, 8,   2.9, 999.9,   80.8 ,  56.1 , 0.00I,999.9, 000000,
421050,99999, 20200305,   69.1, 7,   51.2, 7, 1010.7, 7, 9999.9, 0,   2.5, 7,   3.6, 7,   9.9, 999.9,   80.8 ,  58.6 , 0.01G,999.9, 010010,
421050,99999, 20200306,   60.6, 6,   52.7, 6, 1010.5, 6, 9999.9, 0,   2.5, 6,   4.0, 6,   5.1, 999.9,   78.3 ,  55.4*, 0.08G,999.9, 010010,
421050,99999, 20200307,   56.8, 8,   53.0, 8, 1016.1, 8, 9999.9, 0,   2.0, 8,   0.6, 8,   1.9, 999.9,   70.5 ,  53.2 , 0.98G,999.9, 010010,
421050,99999, 20200308,   63.3, 8,   53.8, 8, 1016.1, 8, 9999.9, 0,   2.5, 8,   1.4, 8,   4.1, 999.9,   74.5 ,  50.7 , 0.16G,999.9, 000000,
421050,99999, 20200309,   61.5, 8,   52.0, 8, 1012.8, 8, 9999.9, 0,   2.5, 8,   2.0, 8,   6.0, 999.9,   74.7 ,  52.5 , 0.00G,999.9, 000000,
421050,99999, 20200310,   64.7, 7,   52.7, 7, 1011.4, 7, 9999.9, 0,   2.5, 7,   0.3, 7,   1.9, 999.9,   77.4 ,  50.7 , 0.00I,999.9, 000000,
421050,99999, 20200311,   64.8, 7,   54.2, 7, 1010.5, 7, 9999.9, 0,   2.5, 7,   2.0, 7,   4.1, 999.9,   77.4 ,  57.2 , 0.04E,999.9, 010010,
421050,99999, 20200312,   64.1, 7,   54.8, 7, 1013.1, 7, 9999.9, 0,   2.5, 7,   1.8, 7,   5.1, 999.9,   78.6 ,  53.6*, 0.71G,999.9, 010010,
421050,99999, 20200313,   63.1, 7,   53.1, 7, 1014.5, 7, 9999.9, 0,   2.5, 7,   1.6, 7,   5.1, 999.9,   78.6 ,  52.2 , 0.16G,999.9, 010010,
421050,99999, 20200314,   56.9, 6,   51.0, 6, 1016.7, 6, 9999.9, 0,   2.5, 6,   1.3, 6,   5.1, 999.9,   77.5 ,  52.5*, 0.59G,999.9, 010010,
421050,99999, 20200315,   63.4, 8,   51.2, 8, 1017.5, 8, 9999.9, 0,   2.5, 8,   1.2, 8,   1.9, 999.9,   76.1 ,  50.7 , 0.08G,999.9, 000000,
421050,99999, 20200316,   65.9, 8,   55.2, 8, 1016.4, 8, 9999.9, 0,   2.5, 8,   1.5, 8,   1.9, 999.9,   77.4 ,  52.2 , 0.00G,999.9, 000000,
421050,99999, 20200317,   68.4, 8,   57.7, 8, 1015.9, 8, 9999.9, 0,   2.5, 8,   2.5, 8,   6.0, 999.9,   79.5 ,  58.1 , 0.00I,999.9, 000000,
421050,99999, 20200318,   69.3, 8,   58.6, 8, 1013.7, 8, 9999.9, 0,   2.5, 8,   1.9, 8,   5.1, 999.9,   80.1 ,  57.6 , 0.00I,999.9, 000000,
421050,99999, 20200319,   71.1, 7,   57.0, 7, 1011.0, 7, 9999.9, 0,   2.5, 7,   0.6, 7,   1.9, 999.9,   81.3 ,  59.4*, 0.00I,999.9, 000000,
421050,99999, 20200320,   71.4, 8,   57.2, 8, 1010.4, 8, 9999.9, 0,   2.5, 8,   0.5, 8,   2.9, 999.9,   83.3 ,  58.3 , 0.00I,999.9, 000000,
421050,99999, 20200321,   69.9, 8,   53.9, 8, 1011.8, 8, 9999.9, 0,   2.5, 8,   0.7, 8,   1.9, 999.9,   83.8 ,  59.0 , 0.00E,999.9, 000010,
421050,99999, 20200322,   71.1, 8,   55.3, 8, 1012.6, 8, 9999.9, 0,   2.5, 8,   1.4, 8,   4.1, 999.9,   83.8 ,  57.4 , 0.00G,999.9, 000000,
421050,99999, 20200323,   72.2, 8,   57.9, 8, 1011.8, 8, 9999.9, 0,   2.5, 8,   0.7, 8,   1.9, 999.9,   84.9 ,  58.3 , 0.00I,999.9, 000000,
421050,99999, 20200324,   71.7, 8,   57.2, 8, 1010.7, 8, 9999.9, 0,   2.5, 8,   1.5, 8,   4.1, 999.9,   84.9 ,  65.1 , 0.02E,999.9, 010000,
421050,99999, 20200325,   73.3, 8,   60.5, 8, 1011.4, 8, 9999.9, 0,   2.5, 8,   1.6, 8,   2.9, 999.9,   84.9 ,  62.1 , 0.00I,999.9, 000000,
421050,99999, 20200326,   72.2, 8,   60.1, 8, 1012.3, 8, 9999.9, 0,   2.5, 8,   2.5, 8,   2.9, 999.9,   84.9 ,  63.5 , 0.00I,999.9, 000000,
421050,99999, 20200327,   69.0, 8,   59.5, 8, 1013.6, 8, 9999.9, 0,   2.5, 8,   2.4, 8,   7.0, 999.9,   82.4 ,  62.6*, 0.01G,999.9, 010000,
421050,99999, 20200328,   71.5, 7,   57.9, 7, 1014.6, 7, 9999.9, 0,   2.5, 7,   2.6, 7,   6.0, 999.9,   81.0 ,  59.4 , 0.08G,999.9, 000000,
421050,99999, 20200329,   71.2, 8,   55.0, 8, 1012.2, 8, 9999.9, 0,   2.5, 8,   5.3, 8,  13.0, 999.9,   82.4 ,  60.4 , 0.00G,999.9, 000000,
421050,99999, 20200330,   70.0, 8,   56.3, 8, 1011.8, 8, 9999.9, 0,   2.5, 8,   3.4, 8,   5.1, 999.9,   82.9 ,  59.0 , 0.00I,999.9, 000000,
421050,99999, 20200331,   68.9, 8,   58.0, 8, 1011.7, 8, 9999.9, 0,   2.5, 8,   1.7, 8,   5.1, 999.9,   82.9 ,  60.1 , 0.04E,999.9, 010000,
421050,99999, 20200401,   73.1, 8,   56.9, 8, 1010.5, 8, 9999.9, 0,   2.5, 8,   2.1, 8,   4.1, 999.9,   85.5 ,  59.4 , 0.00I,999.9, 000000,
421050,99999, 20200402,   71.2, 8,   49.6, 8, 1010.9, 8, 9999.9, 0,   2.5, 8,   2.6, 8,   6.0, 999.9,   85.5 ,  59.0*, 0.00I,999.9, 000000,
421050,99999, 20200403,   71.3, 7,   48.3, 7, 1011.4, 7, 9999.9, 0,   2.5, 7,   3.3, 7,   6.0, 999.9,   84.2 ,  56.5 , 0.00I,999.9, 000000,
421050,99999, 20200404,   73.7, 7,   52.9, 7, 1012.1, 6, 9999.9, 0,   2.5, 7,   2.4, 7,   6.0, 999.9,   86.0 ,  57.7 , 0.00I,999.9, 000000,
421050,99999, 20200405,   73.6, 8,   54.4, 8, 1012.7, 8, 9999.9, 0,   2.5, 8,   1.0, 8,   2.9, 999.9,   87.4 ,  59.5 , 0.00I,999.9, 000000,
421050,99999, 20200406,   76.8, 8,   56.1, 8, 1011.2, 8, 9999.9, 0,   2.5, 8,   1.9, 8,   4.1, 999.9,   89.6 ,  61.3 , 0.00I,999.9, 000000,
421050,99999, 20200407,   72.9, 8,   54.1, 8, 1010.1, 8, 9999.9, 0,   2.5, 8,   2.6, 8,   5.1, 999.9,   89.6 ,  63.1 , 0.00E,999.9, 010010,
