STN---,WBAN , YEARMODA,   TEMP,  ,   DEWP,  ,  SLP  ,  ,  STP  ,  , VISIB,  ,  WDSP,  , MXSPD,  GUST,   MAX  ,  MIN  ,PRCP  ,SNDP , FRSHTT,
421110,99999, 20200101,   52.2, 8,   44.8, 8, 1021.8, 7,  949.5, 8,   1.2, 8,   0.5, 8,   1.9, 999.9,   66.6*,  38.8 , 0.00I,999.9, 000000,
421110,99999, 20200102,   53.1, 8,   47.6, 8, 1021.1, 6,  948.9, 8,   1.2, 8,   1.0, 8,   1.9, 999.9,   68.9 ,  43.9 , 0.00E,999.9, 010000,
421110,99999, 20200103,   54.5, 8,   48.3, 8, 1017.3, 8,  945.6, 8,   1.4, 8,   0.7, 8,   1.9, 999.9,   68.7*,  42.8 , 0.00I,999.9, 000000,
421110,99999, 20200104,   49.6, 8,   46.4, 8, 1017.3, 8,  944.8, 8,   1.2, 8,   0.7, 8,   1.0, 999.9,   71.6 ,  42.1*, 0.35E,999.9, 010010,
421110,99999, 20200105,   51.6, 8,   45.1, 8, 1017.0, 8,  945.0, 8,   1.6, 8,   1.1, 8,   1.9, 999.9,   65.1 ,  38.5 , 0.00I,999.9, 000000,
421110,99999, 20200106,   53.3, 7,   50.1, 7, 1018.4, 6,  946.6, 7,   1.2, 7,   1.1, 7,   2.9, 999.9,   66.9 ,  38.8 , 0.12E,999.9, 010000,
421110,99999, 20200107,   51.4, 7,   51.3, 7, 1016.4, 7,  944.4, 7,   0.9, 7,   0.4, 7,   1.0, 999.9,   64.9 ,  50.2 , 0.59E,999.9, 010000,
421110,99999, 20200108,   48.5, 8,   48.4, 8, 1015.2, 8,  942.7, 8,   1.2, 8,   1.6, 8,   4.1, 999.9,   54.5 ,  43.9*, 1.14E,999.9, 010010,
421110,99999, 20200109,   49.5, 8,   45.8, 8, 1018.4, 8,  945.5, 8,   1.1, 8,   0.8, 8,   1.9, 999.9,   62.6*,  40.1 , 0.00I,999.9, 100000,
421110,99999, 20200110,   51.6, 8,   45.7, 8, 1018.0, 8,  945.8, 8,   1.1, 8,   1.5, 8,   2.9, 999.9,   68.4*,  39.2 , 0.00I,999.9, 100000,
421110,99999, 20200111,   50.7, 6,   45.5, 6, 1018.5, 6,  946.1, 6,   1.4, 6,   0.8, 6,   1.9, 999.9,   70.3 ,  39.9 , 0.00I,999.9, 000000,
421110,99999, 20200112,   59.5, 7,   51.8, 7, 1013.4, 7,  942.6, 7,   1.6, 7,   1.0, 7,   1.9, 999.9,   70.9*,  47.5*, 0.00I,999.9, 000000,
421110,99999, 20200113,   53.9, 6,   51.0, 6, 1011.4, 6,  940.0, 6,   1.9, 6,   2.1, 6,   7.0, 999.9,   74.1 ,  49.1 ,99.99 ,999.9, 010010,
421110,99999, 20200114,   57.4, 8,   52.3, 8, 1013.9, 8,  942.7, 8,   1.6, 8,   1.0, 8,   1.9, 999.9,   68.4*,  48.2 , 0.67G,999.9, 000000,
421110,99999, 20200115,   57.9, 6,   51.4, 6, 1014.9, 6,  943.7, 6,   1.9, 6,   2.0, 6,   4.1, 999.9,   70.9*,  47.8*, 0.00G,999.9, 000000,
421110,99999, 20200116,   55.4, 7,   52.3, 7, 1015.6, 7,  943.4, 7,   1.4, 7,   1.2, 7,   1.9, 999.9,   72.1 ,  46.8 , 0.16E,999.9, 010000,
421110,99999, 20200117,   54.4, 8,   51.8, 8, 1015.9, 8,  944.3, 8,   1.4, 8,   0.8, 8,   1.9, 999.9,   66.7 ,  48.7 , 0.35G,999.9, 010000,
421110,99999, 20200118,   54.8, 8,   50.5, 8, 1017.3, 8,  945.5, 8,   1.4, 8,   1.0, 8,   1.9, 999.9,   66.9*,  47.5*, 0.00G,999.9, 010010,
421110,99999, 20200119,   52.5, 8,   46.4, 8, 1017.2, 8,  945.4, 8,   1.6, 8,   1.6, 8,   2.9, 999.9,   69.1 ,  41.9 , 0.03G,999.9, 100000,
421110,99999, 20200120,   52.6, 8,   48.0, 8, 1016.8, 8,  944.8, 8,   1.0, 8,   1.2, 8,   2.9, 999.9,   70.0 ,  42.6 , 0.00G,999.9, 100000,
421110,99999, 20200121,   55.1, 8,   48.1, 8, 1018.4, 8,  946.7, 8,   1.6, 8,   1.1, 8,   1.9, 999.9,   66.2*,  46.6 , 0.00I,999.9, 000000,
421110,99999, 20200122,   54.8, 8,   47.1, 8, 1018.8, 8,  946.8, 8,   1.7, 8,   1.2, 8,   2.9, 999.9,   71.6*,  44.2 , 0.00I,999.9, 000000,
421110,99999, 20200123,   52.6, 8,   44.2, 8, 1016.2, 8,  944.2, 8,   1.9, 8,   1.2, 8,   2.9, 999.9,   74.5 ,  42.8 , 0.00I,999.9, 000000,
421110,99999, 20200124,   53.5, 8,   45.6, 8, 1014.7, 8,  942.3, 8,   1.6, 8,   1.1, 8,   1.9, 999.9,   73.0*,  40.8 , 0.00I,999.9, 000000,
421110,99999, 20200125,   51.9, 8,   48.4, 8, 1015.8, 8,  943.8, 8,   0.7, 8,   0.5, 8,   1.9, 999.9,   74.5 ,  43.0 , 0.00I,999.9, 100000,
421110,99999, 20200126,   56.0, 8,   50.2, 8, 1012.9, 8,  941.7, 8,   0.8, 8,   1.0, 8,   1.9, 999.9,   68.4*,  47.1*, 0.00I,999.9, 100000,
421110,99999, 20200127,   54.0, 8,   49.7, 8, 1012.0, 8,  940.6, 8,   1.1, 8,   1.3, 8,   1.9, 999.9,   71.2 ,  44.6 , 0.00H,999.9, 010000,
421110,99999, 20200128,   54.4, 8,   52.8, 8, 1011.8, 8,  940.4, 8,   1.2, 8,   1.8, 8,   1.9, 999.9,   63.5 ,  50.4 , 0.16G,999.9, 010000,
421110,99999, 20200129,   50.9, 7,   47.6, 7, 1017.4, 7,  945.1, 7,   1.4, 7,   0.8, 7,   1.9, 999.9,   60.8*,  45.3*, 0.91G,999.9, 010000,
421110,99999, 20200130,   54.8, 7,   45.8, 7, 1015.6, 7,  944.0, 7,   1.4, 7,   1.1, 7,   1.9, 999.9,   68.7 ,  42.1 , 0.00G,999.9, 000000,
421110,99999, 20200131,   54.6, 7,   46.5, 7, 1013.5, 7,  942.1, 7,   1.6, 7,   1.4, 7,   1.9, 999.9,   69.4 ,  42.1 , 0.00I,999.9, 000000,
421110,99999, 20200201,   52.5, 8,   45.6, 8, 1017.6, 8,  945.6, 8,   1.2, 8,   0.8, 8,   1.9, 999.9,   71.1 ,  44.2*, 0.00I,999.9, 000000,
421110,99999, 20200202,   52.4, 8,   44.4, 8, 1017.9, 8,  945.9, 8,   1.6, 8,   0.6, 8,   1.9, 999.9,   68.0*,  40.1 , 0.00I,999.9, 000000,
421110,99999, 20200203,   51.1, 7,   45.9, 6, 1016.7, 7,  944.6, 7,   2.0, 7,   1.5, 6,   1.9, 999.9,   70.2 ,  41.5 , 0.00I,999.9, 000000,
421110,99999, 20200204,   53.8, 8,   46.9, 8, 1016.6, 8,  944.8, 8,   1.4, 8,   0.5, 8,   1.9, 999.9,   71.2 ,  41.5 , 0.00I,999.9, 000000,
421110,99999, 20200205,   53.6, 8,   44.4, 8, 1015.8, 8,  943.6, 8,   1.7, 8,   1.1, 8,   2.9, 999.9,   69.8*,  41.0 , 0.00I,999.9, 000000,
421110,99999, 20200206,   51.8, 8,   45.1, 8, 1015.2, 8,  943.6, 8,   1.4, 8,   0.8, 8,   1.9, 999.9,   71.6 ,  41.7 , 0.00I,999.9, 000000,
421110,99999, 20200207,   50.4, 8,   41.5, 8, 1018.7, 8,  946.3, 8,   1.2, 8,   0.6, 8,   2.9, 999.9,   67.3 ,  40.1 , 0.00I,999.9, 000000,
421110,99999, 20200208,   53.7, 8,   43.9, 8, 1019.8, 8,  947.7, 8,   1.6, 8,   0.7, 8,   1.9, 999.9,   70.5*,  39.2 , 0.00I,999.9, 000000,
421110,99999, 20200209,   55.1, 8,   45.9, 8, 1020.0, 8,  948.1, 8,   1.7, 8,   1.0, 8,   2.9, 999.9,   72.7 ,  40.8 , 0.00I,999.9, 000000,
421110,99999, 20200210,   55.0, 8,   46.9, 8, 1018.1, 8,  946.3, 8,   1.7, 8,   1.0, 8,   1.9, 999.9,   69.8*,  43.3 , 0.00I,999.9, 000000,
421110,99999, 20200211,   56.6, 8,   48.9, 8, 1018.4, 8,  946.8, 8,   1.3, 8,   0.7, 8,   1.9, 999.9,   73.6 ,  42.8 , 0.00I,999.9, 000000,
421110,99999, 20200212,   59.7, 8,   50.3, 8, 1016.0, 8,  945.1, 8,   1.2, 8,   0.0, 8, 999.9, 999.9,   77.0*,  46.4 , 0.00I,999.9, 000000,
421110,99999, 20200213,   64.6, 8,   55.6, 8, 1011.9, 8,  941.9, 8,   1.3, 8,   0.6, 8,   1.9, 999.9,   83.1*,  49.6 , 0.00I,999.9, 000000,
421110,99999, 20200214,   57.0, 7,   52.7, 6, 1009.7, 7,  939.1, 7,   1.6, 7,   0.4, 7,   1.9, 999.9,   84.6 ,  52.2*, 0.00I,999.9, 000000,
421110,99999, 20200215,   62.0, 8,   53.7, 8, 1011.0, 8,  940.7, 8,   1.3, 8,   1.2, 8,   1.9, 999.9,   79.9 ,  48.4 , 0.00I,999.9, 000000,
421110,99999, 20200216,   61.6, 8,   55.0, 8, 1015.0, 8,  944.3, 8,   1.2, 8,   0.5, 8,   1.9, 999.9,   80.2 ,  50.2 , 0.00I,999.9, 000000,
421110,99999, 20200217,   61.3, 8,   52.2, 8, 1015.1, 8,  944.4, 8,   1.4, 8,   0.7, 8,   1.9, 999.9,   77.4*,  50.0 , 0.00I,999.9, 000000,
421110,99999, 20200218,   62.1, 7,   52.2, 7, 1012.1, 7,  941.6, 7,   1.4, 7,   0.8, 7,   1.9, 999.9,   77.0*,  50.4*, 0.00I,999.9, 000000,
421110,99999, 20200219,   61.7, 8,   53.1, 8, 1013.9, 8,  943.3, 8,   1.6, 8,   0.7, 8,   1.9, 999.9,   79.5 ,  49.3 , 0.00I,999.9, 000000,
421110,99999, 20200220,   64.4, 8,   54.6, 8, 1013.5, 8,  943.3, 8,   1.6, 8,   1.3, 8,   1.9, 999.9,   78.4*,  50.2 ,99.99 ,999.9, 010010,
421110,99999, 20200221,   58.3, 8,   52.8, 8, 1018.7, 8,  947.4, 8,   1.6, 8,   1.4, 8,   6.0, 999.9,   79.5 ,  52.9 , 1.42G,999.9, 010000,
421110,99999, 20200222,   61.5, 8,   54.3, 8, 1019.5, 8,  948.5, 8,   1.7, 8,   0.5, 8,   1.9, 999.9,   75.6*,  50.2 , 0.04G,999.9, 000000,
421110,99999, 20200223,   57.3, 8,   53.5, 8, 1018.0, 8,  946.4, 8,   1.4, 8,   1.5, 8,   5.1, 999.9,   77.7 ,  51.8*, 0.04G,999.9, 010010,
421110,99999, 20200224,   61.4, 8,   53.2, 8, 1013.3, 8,  942.8, 8,   1.2, 8,   0.7, 8,   1.9, 999.9,   78.1 ,  47.5 , 0.91G,999.9, 000000,
421110,99999, 20200225,   60.6, 8,   52.3, 8, 1012.9, 8,  942.3, 8,   1.4, 8,   1.3, 8,   2.9, 999.9,   77.5 ,  49.8 , 0.00G,999.9, 010010,
421110,99999, 20200226,   62.2, 8,   56.2, 8, 1013.6, 8,  943.1, 8,   1.2, 8,   0.6, 8,   1.9, 999.9,   75.7 ,  51.1 , 0.39G,999.9, 000000,
421110,99999, 20200227,   62.5, 8,   57.2, 8, 1014.1, 8,  943.6, 8,   1.2, 8,   0.7, 8,   2.9, 999.9,   76.3 ,  54.3 , 0.00G,999.9, 000000,
421110,99999, 20200228,   63.0, 8,   57.1, 8, 1013.4, 8,  943.1, 8,   1.1, 8,   0.6, 8,   1.9, 999.9,   73.2 ,  52.7 , 0.00I,999.9, 000000,
421110,99999, 20200229,   61.5, 8,   55.8, 8, 1013.2, 8,  942.7, 8,   1.0, 8,   1.0, 8,   2.9, 999.9,   76.3 ,  53.6*, 0.04E,999.9, 010010,
421110,99999, 20200301,   62.2, 8,   52.6, 8, 1013.2, 7,  942.3, 8,   1.6, 8,   1.7, 8,   4.1, 999.9,   78.8*,  50.4 , 0.00E,999.9, 010000,
421110,99999, 20200302,   64.4, 8,   53.9, 8, 1011.7, 8,  941.7, 8,   1.7, 8,   0.8, 8,   2.9, 999.9,   81.0 ,  50.9 , 0.00G,999.9, 000000,
421110,99999, 20200303,   64.6, 8,   54.9, 8, 1009.6, 8,  939.7, 8,   1.6, 8,   1.0, 8,   2.9, 999.9,   80.8 ,  50.9 , 0.00I,999.9, 000000,
421110,99999, 20200304,   65.6, 8,   52.7, 8, 1009.8, 8,  940.0, 8,   1.7, 8,   1.0, 8,   2.9, 999.9,   81.5 ,  52.9 , 0.00I,999.9, 000000,
421110,99999, 20200305,   65.1, 8,   53.0, 7, 1010.2, 8,  940.3, 8,   1.9, 8,   1.1, 8,   1.9, 999.9,   80.1 ,  58.1 , 0.00G,999.9, 010000,
421110,99999, 20200306,   56.4, 8,   52.8, 8, 1011.3, 8,  940.2, 8,   1.5, 8,   2.2, 8,   5.1, 999.9,   77.7 ,  52.5*, 0.04G,999.9, 010000,
421110,99999, 20200307,   55.0, 7,   54.0, 7, 1014.9, 7,  943.5, 7,   1.4, 7,   1.0, 7,   1.9, 999.9,   63.9 ,  51.1*, 0.00G,999.9, 010000,
421110,99999, 20200308,   60.5, 8,   53.5, 8, 1014.2, 8,  943.5, 8,   2.0, 8,   0.5, 8,   1.9, 999.9,   74.1*,  46.9 , 0.31G,999.9, 000000,
421110,99999, 20200309,   62.8, 8,   53.5, 8, 1010.4, 8,  940.2, 8,   1.9, 8,   0.7, 8,   1.9, 999.9,   77.7*,  50.2 , 0.00G,999.9, 000000,
421110,99999, 20200310,   63.9, 8,   54.6, 8, 1010.6, 8,  940.5, 8,   1.7, 8,   1.5, 8,   2.9, 999.9,   80.2 ,  50.9 , 0.00I,999.9, 000000,
421110,99999, 20200311,   64.1, 8,   55.5, 8, 1009.8, 8,  939.8, 8,   1.7, 8,   1.7, 8,   4.1, 999.9,   78.4 ,  55.4*,99.99 ,999.9, 010010,
421110,99999, 20200312,   65.1, 8,   54.4, 8, 1012.1, 8,  942.0, 8,   1.7, 8,   1.8, 8,   2.9, 999.9,   77.0*,  53.1 , 1.30G,999.9, 010110,
421110,99999, 20200313,   58.0, 8,   54.4, 8, 1015.2, 8,  944.0, 8,   1.6, 8,   2.7, 8,   8.0, 999.9,   78.3 ,  52.9*, 0.67G,999.9, 010010,
421110,99999, 20200314,   57.4, 8,   52.6, 8, 1014.6, 8,  943.4, 8,   1.6, 8,   1.2, 8,   4.1, 999.9,   73.4*,  49.6 , 0.71G,999.9, 010010,
421110,99999, 20200315,   62.1, 8,   52.3, 8, 1015.4, 8,  944.8, 8,   1.9, 8,   0.8, 8,   1.9, 999.9,   74.8 ,  51.4 , 0.35G,999.9, 000000,
421110,99999, 20200316,   63.6, 8,   54.0, 8, 1014.7, 8,  944.2, 8,   2.3, 8,   1.3, 8,   2.9, 999.9,   78.1*,  50.9 , 0.00G,999.9, 000000,
421110,99999, 20200317,   65.3, 8,   54.8, 8, 1014.2, 8,  944.1, 8,   2.2, 8,   0.5, 8,   1.9, 999.9,   80.2*,  49.8 , 0.00I,999.9, 000000,
421110,99999, 20200318,   66.6, 8,   55.9, 8, 1011.8, 8,  942.0, 8,   1.9, 8,   1.1, 8,   1.9, 999.9,   81.9 ,  53.8 , 0.00I,999.9, 000000,
421110,99999, 20200319,   67.7, 8,   55.4, 8, 1009.8, 8,  940.2, 8,   1.9, 8,   1.0, 8,   2.9, 999.9,   81.5 ,  53.2 , 0.00I,999.9, 000000,
421110,99999, 20200320,   67.8, 8,   54.8, 8, 1009.5, 8,  940.0, 8,   1.9, 8,   0.7, 8,   1.9, 999.9,   82.8 ,  54.0 , 0.00I,999.9, 000000,
421110,99999, 20200321,   68.6, 8,   54.2, 8, 1010.4, 8,  940.9, 8,   1.4, 8,   2.0, 8,   5.1, 999.9,   84.4 ,  55.4 ,99.99 ,999.9, 010010,
421110,99999, 20200322,   68.1, 8,   57.4, 8, 1011.2, 8,  941.7, 8,   1.9, 8,   1.3, 8,   2.9, 999.9,   84.7 ,  54.9 , 0.02G,999.9, 000000,
421110,99999, 20200323,   69.6, 8,   58.2, 8, 1010.5, 8,  941.2, 8,   1.7, 8,   0.7, 8,   1.9, 999.9,   82.8 ,  56.5 , 0.00G,999.9, 000000,
421110,99999, 20200324,   71.6, 8,   60.5, 8, 1009.0, 8,  940.0, 8,   1.7, 8,   1.0, 8,   1.9, 999.9,   84.2 ,  59.7 ,99.99 ,999.9, 010010,
421110,99999, 20200325,   70.8, 8,   61.3, 8, 1009.6, 8,  940.4, 8,   1.9, 8,   1.5, 8,   2.9, 999.9,   85.1 ,  58.3 , 0.28G,999.9, 000000,
421110,99999, 20200326,   71.5, 8,   61.7, 8, 1010.3, 8,  941.3, 8,   1.4, 8,   1.1, 8,   2.9, 999.9,   85.5 ,  61.3 , 0.00G,999.9, 000000,
421110,99999, 20200327,   64.6, 8,   60.8, 8, 1014.9, 7,  944.0, 8,   1.6, 8,   1.0, 8,   1.9, 999.9,   84.2 ,  59.0*, 0.04G,999.9, 010010,
421110,99999, 20200328,   67.8, 8,   58.5, 8, 1012.1, 8,  942.5, 8,   2.0, 8,   1.0, 8,   2.9, 999.9,   78.8*,  56.5 , 1.30G,999.9, 000000,
421110,99999, 20200329,   68.1, 8,   55.8, 8, 1009.9, 8,  940.4, 8,   2.3, 8,   1.7, 8,   4.1, 999.9,   82.4*,  55.2 , 0.00G,999.9, 000000,
421110,99999, 20200330,   68.9, 8,   57.4, 8, 1010.0, 8,  940.7, 8,   2.0, 8,   1.2, 8,   2.9, 999.9,   84.0 ,  54.9 , 0.00I,999.9, 000000,
421110,99999, 20200331,   71.7, 8,   59.6, 8, 1009.4, 8,  940.4, 8,   1.2, 8,   2.2, 8,   5.1, 999.9,   84.2 ,  56.3 ,99.99 ,999.9, 010000,
421110,99999, 20200401,   73.2, 8,   56.1, 8, 1008.8, 8,  939.7, 8,   1.6, 8,   1.2, 8,   2.9, 999.9,   86.2 ,  61.5*, 0.01G,999.9, 000000,
421110,99999, 20200402,   69.0, 8,   55.5, 8, 1008.8, 8,  939.5, 8,   2.0, 8,   2.0, 8,   5.1, 999.9,   87.4 ,  56.1*, 0.00G,999.9, 000000,
421110,99999, 20200403,   68.6, 8,   51.8, 8, 1009.9, 8,  940.4, 8,   1.9, 8,   1.0, 8,   1.9, 999.9,   84.2 ,  53.8 , 0.00I,999.9, 000000,
421110,99999, 20200404,   70.3, 8,   54.7, 8, 1010.1, 8,  940.9, 8,   2.2, 8,   1.1, 8,   1.9, 999.9,   85.1 ,  55.6 , 0.00I,999.9, 000000,
421110,99999, 20200405,   70.5, 8,   55.1, 8, 1011.7, 7,  942.5, 8,   1.7, 8,   1.6, 8,   2.9, 999.9,   86.2 ,  56.5 , 0.00E,999.9, 000000,
421110,99999, 20200406,   73.5, 8,   56.1, 8, 1009.1, 8,  940.3, 8,   2.3, 8,   1.2, 8,   1.9, 999.9,   90.7*,  58.1 , 0.00G,999.9, 000000,
421110,99999, 20200407,   72.4, 8,   54.5, 8, 1007.6, 8,  938.7, 8,   1.9, 8,   1.6, 8,   1.9, 999.9,   88.9 ,  58.1 , 0.00I,999.9, 000000,
