STN---,WBAN , YEARMODA,   TEMP,  ,   DEWP,  ,  SLP  ,  ,  STP  ,  , VISIB,  ,  WDSP,  , MXSPD,  GUST,   MAX  ,  MIN  ,PRCP  ,SNDP , FRSHTT,
421230,99999, 20200101,   41.0, 8,   40.3, 8, 1023.7, 8, 9999.9, 0,   0.0, 8,   0.6, 8,   1.0, 999.9,   47.5 ,  34.7 , 0.00I,999.9, 100000,
421230,99999, 20200102,   50.4, 8,   45.4, 8, 1023.3, 8, 9999.9, 0,   0.6, 8,   0.2, 8,   1.9, 999.9,   60.8*,  39.9 , 0.00I,999.9, 100000,
421230,99999, 20200103,   52.8, 7,   44.0, 7, 1020.3, 7, 9999.9, 0,   1.5, 7,   0.0, 7, 999.9, 999.9,   66.2*,  40.6 , 0.00I,999.9, 000000,
421230,99999, 20200104,   52.7, 8,   46.3, 8, 1018.9, 8, 9999.9, 0,   1.1, 8,   0.0, 8, 999.9, 999.9,   69.1 ,  40.8 , 0.00I,999.9, 000000,
421230,99999, 20200105,   51.8, 8,   48.6, 8, 1019.7, 7, 9999.9, 0,   0.7, 8,   0.2, 8,   1.9, 999.9,   65.1 ,  42.8 , 0.02E,999.9, 010000,
421230,99999, 20200106,   50.6, 8,   49.6, 8, 1020.3, 8, 9999.9, 0,   0.5, 8,   0.8, 8,   2.9, 999.9,   57.4 ,  48.9 , 0.12G,999.9, 010000,
421230,99999, 20200107,   51.7, 7,   50.6, 7, 1018.0, 6, 9999.9, 0,   0.7, 7,   0.1, 7,   1.0, 999.9,   53.2*,  49.6 , 0.63G,999.9, 010000,
421230,99999, 20200108,   49.6, 8,   47.2, 8, 1018.2, 8, 9999.9, 0,   0.6, 8,   0.4, 8,   2.9, 999.9,   55.4*,  43.5*, 0.04G,999.9, 100000,
421230,99999, 20200109,   48.8, 8,   43.9, 8, 1022.2, 8, 9999.9, 0,   1.4, 8,   0.4, 8,   1.9, 999.9,   59.7*,  38.8 , 0.00G,999.9, 100000,
421230,99999, 20200110,   50.9, 8,   41.8, 8, 1022.3, 7, 9999.9, 0,   2.1, 8,   0.7, 8,   2.9, 999.9,   62.4 ,  39.9 , 0.00I,999.9, 000000,
421230,99999, 20200111,   53.6, 7,   44.5, 7, 1021.0, 7, 9999.9, 0,   2.1, 7,   0.1, 7,   1.0, 999.9,   66.7 ,  42.4 , 0.00I,999.9, 000000,
421230,99999, 20200112,   56.3, 7,   47.7, 7, 1016.0, 7, 9999.9, 0,   1.2, 7,   0.0, 7, 999.9, 999.9,   66.7 ,  48.4 , 0.00I,999.9, 000000,
421230,99999, 20200113,   50.7, 7,   48.9, 7, 1011.8, 7, 9999.9, 0,   1.8, 7,   1.0, 7,   1.9, 999.9,   65.1 ,  47.5*, 0.47G,999.9, 010010,
421230,99999, 20200114,   48.8, 8,   46.0, 8, 1018.3, 8, 9999.9, 0,   0.9, 8,   0.1, 8,   1.0, 999.9,   56.8*,  40.8 , 0.35G,999.9, 100000,
421230,99999, 20200115,   48.2, 8,   45.0, 8, 1018.9, 8, 9999.9, 0,   0.6, 8,   0.0, 8, 999.9, 999.9,   59.4 ,  38.1 , 0.00G,999.9, 100000,
421230,99999, 20200116,   49.7, 8,   45.4, 8, 1017.8, 8, 9999.9, 0,   0.9, 8,   0.0, 8, 999.9, 999.9,   60.1*,  40.6 , 0.00I,999.9, 100000,
421230,99999, 20200117,   49.9, 7,   45.6, 7, 1018.9, 7, 9999.9, 0,   1.2, 7,   0.1, 7,   1.0, 999.9,   61.5 ,  39.4 , 0.00I,999.9, 100000,
421230,99999, 20200118,   51.2, 8,   45.6, 8, 1020.5, 8, 9999.9, 0,   1.3, 8,   0.0, 8, 999.9, 999.9,   64.4 ,  38.7 , 0.00I,999.9, 100000,
421230,99999, 20200119,   50.7, 8,   47.1, 8, 1021.9, 8, 9999.9, 0,   0.6, 8,   0.0, 8, 999.9, 999.9,   63.7 ,  41.0 , 0.00I,999.9, 100000,
421230,99999, 20200120,   55.1, 8,   49.3, 8, 1019.4, 8, 9999.9, 0,   0.9, 8,   0.0, 8, 999.9, 999.9,   62.6 ,  45.7 , 0.00I,999.9, 000000,
421230,99999, 20200121,   57.2, 7,   47.8, 7, 1021.0, 7, 9999.9, 0,   1.7, 7,   0.3, 7,   1.0, 999.9,   63.7*,  50.7*, 0.00I,999.9, 000000,
421230,99999, 20200122,   55.5, 8,   46.4, 8, 1023.4, 8, 9999.9, 0,   2.1, 8,   0.7, 8,   1.9, 999.9,   68.2 ,  45.7 , 0.00I,999.9, 000000,
421230,99999, 20200123,   55.2, 8,   42.9, 8, 1021.5, 8, 9999.9, 0,   2.3, 8,   0.6, 8,   1.9, 999.9,   66.9 ,  45.3 , 0.00I,999.9, 000000,
421230,99999, 20200124,   57.0, 7,   43.9, 7, 1018.2, 7, 9999.9, 0,   2.1, 7,   1.0, 7,   1.9, 999.9,   68.0*,  45.5 , 0.00I,999.9, 000000,
421230,99999, 20200125,   54.9, 8,   47.3, 8, 1017.1, 8, 9999.9, 0,   1.2, 8,   0.6, 8,   1.9, 999.9,   69.8 ,  45.1 , 0.02E,999.9, 010000,
421230,99999, 20200126,   56.0, 8,   46.1, 8, 1015.6, 8, 9999.9, 0,   2.1, 8,   0.5, 8,   1.9, 999.9,   68.7*,  43.7 , 0.00I,999.9, 000000,
421230,99999, 20200127,   56.8, 8,   51.2, 8, 1011.7, 8, 9999.9, 0,   1.3, 8,   2.8, 8,   6.0, 999.9,   69.8 ,  50.4 , 0.00G,999.9, 010000,
421230,99999, 20200128,   54.6, 8,   52.7, 8, 1011.2, 8, 9999.9, 0,   0.8, 8,   0.2, 8,   1.0, 999.9,   67.6 ,  52.0 , 0.16G,999.9, 010000,
421230,99999, 20200129,   53.5, 7,   50.7, 7, 1018.7, 7, 9999.9, 0,   1.0, 7,   0.6, 7,   1.9, 999.9,   62.2*,  48.7 , 0.12G,999.9, 100000,
421230,99999, 20200130,   55.8, 7,   48.1, 7, 1019.7, 7, 9999.9, 0,   2.0, 7,   1.0, 7,   2.9, 999.9,   66.4 ,  48.9 , 0.00G,999.9, 000000,
421230,99999, 20200131,   53.8, 8,   46.4, 8, 1016.2, 8, 9999.9, 0,   1.6, 8,   0.1, 8,   1.0, 999.9,   66.2 ,  41.0 , 0.00I,999.9, 100000,
421230,99999, 20200201,   52.7, 7,   46.0, 7, 1020.7, 7, 9999.9, 0,   1.6, 7,   0.3, 7,   1.9, 999.9,   67.5 ,  41.9 , 0.00I,999.9, 100000,
421230,99999, 20200202,   55.3, 8,   46.8, 8, 1021.2, 8, 9999.9, 0,   1.5, 8,   0.7, 8,   2.9, 999.9,   68.5 ,  43.5 , 0.00I,999.9, 100000,
421230,99999, 20200203,   54.2, 8,   44.8, 8, 1019.0, 8, 9999.9, 0,   1.9, 8,   0.2, 8,   1.9, 999.9,   68.9 ,  42.4 , 0.00I,999.9, 000000,
421230,99999, 20200204,   53.0, 7,   46.7, 7, 1018.3, 7, 9999.9, 0,   1.1, 7,   1.2, 7,   1.9, 999.9,   69.8 ,  43.5 , 0.00I,999.9, 000000,
421230,99999, 20200205,   52.6, 7,   42.9, 7, 1019.3, 7, 9999.9, 0,   1.8, 7,   0.7, 7,   1.9, 999.9,   65.5*,  40.6 , 0.00I,999.9, 100000,
421230,99999, 20200206,   55.3, 8,   43.5, 8, 1017.1, 8, 9999.9, 0,   1.6, 8,   0.4, 8,   1.9, 999.9,   68.4*,  43.3 , 0.00I,999.9, 000000,
421230,99999, 20200207,   55.8, 8,   45.3, 8, 1020.6, 8, 9999.9, 0,   2.1, 8,   0.5, 8,   1.9, 999.9,   70.7 ,  44.1 , 0.00I,999.9, 000000,
421230,99999, 20200208,   56.7, 8,   46.5, 8, 1022.5, 8, 9999.9, 0,   1.6, 8,   0.7, 8,   1.9, 999.9,   69.8 ,  47.3 , 0.00I,999.9, 000000,
421230,99999, 20200209,   57.3, 8,   44.9, 8, 1022.2, 8, 9999.9, 0,   1.8, 8,   0.0, 8, 999.9, 999.9,   72.3 ,  43.5 , 0.00I,999.9, 000000,
421230,99999, 20200210,   57.7, 8,   44.0, 8, 1020.0, 8, 9999.9, 0,   2.0, 8,   0.0, 8, 999.9, 999.9,   73.4*,  43.9 , 0.00I,999.9, 000000,
421230,99999, 20200211,   59.3, 8,   47.9, 8, 1021.0, 7, 9999.9, 0,   1.7, 8,   0.6, 8,   2.9, 999.9,   75.2 ,  46.2 , 0.00I,999.9, 000000,
421230,99999, 20200212,   62.2, 8,   49.8, 8, 1021.1, 8, 9999.9, 0,   1.6, 8,   0.7, 8,   1.9, 999.9,   73.8 ,  52.2 , 0.00I,999.9, 000000,
421230,99999, 20200213,   63.6, 8,   50.5, 8, 1017.7, 8, 9999.9, 0,   2.2, 8,   0.5, 8,   1.9, 999.9,   76.6*,  51.8 , 0.00I,999.9, 000000,
421230,99999, 20200214,   64.8, 8,   45.0, 8, 1015.3, 8, 9999.9, 0,   2.5, 8,   2.2, 8,   5.1, 999.9,   78.3 ,  56.1 , 0.00I,999.9, 000000,
421230,99999, 20200215,   63.7, 8,   47.0, 8, 1015.3, 8, 9999.9, 0,   2.5, 8,   1.9, 8,   5.1, 999.9,   79.2*,  51.1 , 0.00I,999.9, 000000,
421230,99999, 20200216,   64.1, 8,   48.4, 8, 1017.5, 8, 9999.9, 0,   2.0, 8,   0.4, 8,   1.9, 999.9,   82.4*,  46.6 , 0.00I,999.9, 000000,
421230,99999, 20200217,   64.2, 8,   46.8, 8, 1018.5, 8, 9999.9, 0,   1.9, 8,   0.4, 8,   2.9, 999.9,   84.7 ,  47.8 , 0.00I,999.9, 000000,
421230,99999, 20200218,   64.0, 8,   48.2, 8, 1014.3, 8, 9999.9, 0,   1.9, 8,   0.1, 8,   1.0, 999.9,   84.4 ,  48.4 , 0.00I,999.9, 000000,
421230,99999, 20200219,   65.8, 8,   49.6, 8, 1010.0, 8, 9999.9, 0,   2.3, 8,   1.1, 8,   2.9, 999.9,   85.1 ,  54.0 , 0.00I,999.9, 000000,
421230,99999, 20200220,   62.5, 8,   54.3, 8, 1012.8, 8, 9999.9, 0,   1.1, 8,   1.5, 8,   2.9, 999.9,   83.5 ,  53.4 , 0.00I,999.9, 000000,
421230,99999, 20200221,   63.5, 8,   53.4, 8, 1019.3, 7, 9999.9, 0,   1.6, 8,   1.3, 8,   2.9, 999.9,   73.4*,  53.2 , 0.00I,999.9, 000000,
421230,99999, 20200222,   64.8, 8,   53.9, 8, 1021.7, 8, 9999.9, 0,   2.2, 8,   0.4, 8,   1.9, 999.9,   75.7 ,  53.4 , 0.00I,999.9, 000000,
421230,99999, 20200223,   66.6, 8,   54.5, 8, 1019.1, 8, 9999.9, 0,   1.6, 8,   0.4, 8,   1.9, 999.9,   79.2*,  55.8 , 0.00I,999.9, 000000,
421230,99999, 20200224,   66.9, 8,   55.3, 8, 1015.6, 8, 9999.9, 0,   1.9, 8,   0.1, 8,   1.0, 999.9,   81.0 ,  55.2 , 0.00I,999.9, 000000,
421230,99999, 20200225,   67.2, 8,   54.4, 8, 1014.3, 8, 9999.9, 0,   1.9, 8,   0.1, 8,   1.0, 999.9,   81.1 ,  55.2 , 0.00I,999.9, 000000,
421230,99999, 20200226,   68.7, 8,   55.3, 8, 1014.1, 8, 9999.9, 0,   2.2, 8,   0.4, 8,   1.9, 999.9,   82.9 ,  55.8 , 0.00I,999.9, 000000,
421230,99999, 20200227,   68.7, 8,   56.8, 8, 1013.2, 8, 9999.9, 0,   2.0, 8,   3.0, 8,   5.1, 999.9,   84.9 ,  56.7 , 0.00I,999.9, 000000,
421230,99999, 20200228,   70.2, 8,   61.6, 8, 1009.8, 8, 9999.9, 0,   1.4, 8,   4.6, 8,   6.0, 999.9,   84.7 ,  60.4 , 0.00I,999.9, 000000,
421230,99999, 20200229,   67.0, 8,   59.8, 8, 1012.0, 8, 9999.9, 0,   1.4, 8,   2.5, 8,   8.0, 999.9,   86.0 ,  57.7 , 0.01G,999.9, 000000,
421230,99999, 20200301,   67.1, 8,   56.9, 8, 1014.3, 8, 9999.9, 0,   1.9, 8,   1.0, 8,   2.9, 999.9,   78.8 ,  54.9 , 0.00G,999.9, 000000,
421230,99999, 20200302,   68.9, 8,   58.7, 8, 1013.5, 8, 9999.9, 0,   1.9, 8,   0.8, 8,   2.9, 999.9,   79.9 ,  56.8 , 0.00I,999.9, 100000,
421230,99999, 20200303,   69.0, 8,   58.4, 8, 1011.7, 8, 9999.9, 0,   1.4, 8,   0.5, 8,   1.9, 999.9,   83.5 ,  58.8 , 0.00I,999.9, 000000,
421230,99999, 20200304,   68.1, 8,   57.2, 8, 1009.8, 8, 9999.9, 0,   1.7, 8,   2.6, 8,   8.0, 999.9,   82.8 ,  57.2 , 0.00I,999.9, 000010,
421230,99999, 20200305,   64.7, 8,   56.1, 8, 1008.6, 8, 9999.9, 0,   1.6, 8,   2.2, 8,   5.1, 999.9,   80.8 ,  57.2*, 0.04G,999.9, 010010,
421230,99999, 20200306,   58.7, 7,   54.8, 7, 1009.0, 6, 9999.9, 0,   1.2, 7,   1.3, 7,   4.1, 999.9,   79.0 ,  56.5*, 0.83G,999.9, 010000,
421230,99999, 20200307,   61.5, 7,   56.2, 7, 1014.2, 7, 9999.9, 0,   1.6, 7,   0.3, 7,   1.9, 999.9,   67.6*,  55.2 , 0.31G,999.9, 010000,
421230,99999, 20200308,   65.7, 8,   56.1, 8, 1016.9, 8, 9999.9, 0,   2.2, 8,   0.5, 8,   1.9, 999.9,   78.1*,  53.2 , 0.00G,999.9, 000000,
421230,99999, 20200309,   65.1, 8,   53.3, 8, 1014.7, 8, 9999.9, 0,   2.3, 8,   0.6, 8,   1.9, 999.9,   79.5 ,  55.2 , 0.00I,999.9, 000000,
421230,99999, 20200310,   65.7, 8,   53.5, 7, 1011.2, 8, 9999.9, 0,   2.2, 8,   0.7, 8,   1.9, 999.9,   82.2 ,  54.1*, 0.00I,999.9, 000000,
421230,99999, 20200311,   60.5, 8,   53.6, 8, 1008.3, 8, 9999.9, 0,   2.2, 8,   2.6, 8,   5.1, 999.9,   82.2 ,  54.9 , 0.04A,999.9, 010010,
421230,99999, 20200312,   60.0, 8,   51.1, 8, 1011.5, 8, 9999.9, 0,   2.2, 8,   1.5, 8,   4.1, 999.9,   73.9 ,  52.3 , 0.28G,999.9, 010010,
421230,99999, 20200313,   59.3, 8,   51.5, 8, 1015.8, 8, 9999.9, 0,   2.3, 8,   1.4, 8,   4.1, 999.9,   75.9 ,  49.3 , 0.28G,999.9, 000000,
421230,99999, 20200314,   59.8, 8,   52.2, 8, 1017.0, 8, 9999.9, 0,   2.0, 8,   0.7, 8,   1.9, 999.9,   70.5 ,  53.2*, 0.00G,999.9, 000000,
421230,99999, 20200315,   62.8, 8,   53.8, 8, 1018.8, 8, 9999.9, 0,   2.2, 8,   0.6, 8,   1.9, 999.9,   73.8*,  51.8 , 0.00I,999.9, 000000,
421230,99999, 20200316,   68.4, 8,   56.0, 8, 1017.6, 8, 9999.9, 0,   2.2, 8,   0.1, 8,   1.0, 999.9,   80.6*,  55.9 , 0.00I,999.9, 000000,
421230,99999, 20200317,   69.2, 8,   55.7, 8, 1017.2, 8, 9999.9, 0,   2.5, 8,   0.4, 8,   1.9, 999.9,   83.1*,  56.1 , 0.00I,999.9, 000000,
421230,99999, 20200318,   71.9, 8,   59.4, 8, 1014.7, 8, 9999.9, 0,   2.0, 8,   0.6, 8,   1.9, 999.9,   84.2*,  60.1 , 0.00I,999.9, 000000,
421230,99999, 20200319,   73.3, 8,   60.4, 8, 1010.8, 8, 9999.9, 0,   2.2, 8,   0.4, 8,   1.9, 999.9,   86.7*,  62.6*, 0.00I,999.9, 000000,
421230,99999, 20200320,   72.5, 8,   61.2, 8, 1009.8, 8, 9999.9, 0,   2.3, 8,   1.2, 8,   2.9, 999.9,   88.7 ,  61.3 , 0.00I,999.9, 000000,
421230,99999, 20200321,   73.2, 8,   60.8, 8, 1011.7, 8, 9999.9, 0,   2.3, 8,   1.0, 8,   2.9, 999.9,   88.0 ,  64.0 , 0.00I,999.9, 000000,
421230,99999, 20200322,   73.8, 8,   61.2, 8, 1013.4, 8, 9999.9, 0,   1.9, 8,   0.5, 8,   1.9, 999.9,   86.9 ,  62.2 , 0.00I,999.9, 000000,
421230,99999, 20200323,   75.0, 8,   61.1, 8, 1011.8, 8, 9999.9, 0,   1.7, 8,   0.7, 8,   1.9, 999.9,   87.3*,  64.2 , 0.00I,999.9, 000000,
421230,99999, 20200324,   71.4, 8,   63.7, 8, 1010.8, 8, 9999.9, 0,   2.0, 8,   1.6, 8,   2.9, 999.9,   88.9 ,  63.3*, 0.04G,999.9, 000000,
421230,99999, 20200325,   71.3, 8,   61.9, 8, 1012.6, 8, 9999.9, 0,   2.2, 8,   0.6, 8,   1.9, 999.9,   83.3 ,  61.3 , 0.00G,999.9, 000000,
421230,99999, 20200326,   71.4, 8,   62.3, 8, 1013.4, 8, 9999.9, 0,   1.2, 8,   0.2, 8,   1.0, 999.9,   83.5 ,  64.0*,99.99 ,999.9, 010000,
421230,99999, 20200327,   65.1, 8,   60.9, 8, 1013.1, 8, 9999.9, 0,   2.2, 8,   2.1, 8,   5.1, 999.9,   81.7 ,  60.1*, 0.04G,999.9, 010000,
421230,99999, 20200328,   71.4, 8,   59.2, 8, 1014.8, 8, 9999.9, 0,   2.5, 8,   2.1, 8,   2.9, 999.9,   81.7*,  57.7 , 0.47G,999.9, 000000,
421230,99999, 20200329,   68.7, 7,   60.9, 7, 1014.0, 7, 9999.9, 0,   2.5, 7,   0.1, 7,   1.0, 999.9,   84.0 ,  62.2 , 0.00G,999.9, 000000,
421230,99999, 20200330,   73.6, 8,   59.1, 8, 1013.1, 8, 9999.9, 0,   2.5, 8,   0.0, 8, 999.9, 999.9,   87.1*,  60.6 , 0.00I,999.9, 000000,
421230,99999, 20200331,   70.1, 8,   60.1, 8, 1011.0, 8, 9999.9, 0,   2.0, 8,   2.0, 8,   4.1, 999.9,   88.0 ,  64.0*, 0.01A,999.9, 010000,
421230,99999, 20200401,   72.6, 8,   60.5, 8, 1012.5, 8, 9999.9, 0,   2.5, 8,   2.0, 8,   4.1, 999.9,   86.4*,  59.2 , 0.00I,999.9, 000000,
421230,99999, 20200402,   75.1, 7,   56.5, 7, 1012.5, 7, 9999.9, 0,   2.5, 7,   0.1, 7,   1.0, 999.9,   87.6 ,  63.1 , 0.00I,999.9, 000000,
421230,99999, 20200403,   73.4, 8,   53.5, 8, 1012.8, 8, 9999.9, 0,   2.5, 8,   0.1, 8,   1.0, 999.9,   88.7*,  57.7 , 0.00I,999.9, 000000,
421230,99999, 20200404,   77.7, 8,   55.9, 8, 1012.5, 8, 9999.9, 0,   2.5, 8,   1.1, 8,   4.1, 999.9,   91.0*,  61.9 , 0.00I,999.9, 000000,
421230,99999, 20200405,   80.1, 8,   55.7, 8, 1012.1, 8, 9999.9, 0,   2.5, 8,   1.9, 8,   2.9, 999.9,   93.9*,  68.2 , 0.00I,999.9, 000000,
421230,99999, 20200406,   77.4, 8,   57.9, 8, 1012.6, 8, 9999.9, 0,   2.5, 8,   0.2, 8,   1.9, 999.9,   95.0 ,  63.0 , 0.00I,999.9, 000000,
421230,99999, 20200407,   73.8, 8,   56.2, 8, 1011.2, 8, 9999.9, 0,   1.9, 8,   1.9, 8,   5.1, 999.9,   93.0 ,  65.1*, 0.00H,999.9, 010010,
