STN---,WBAN , YEARMODA,   TEMP,  ,   DEWP,  ,  SLP  ,  ,  STP  ,  , VISIB,  ,  WDSP,  , MXSPD,  GUST,   MAX  ,  MIN  ,PRCP  ,SNDP , FRSHTT,
422990,99999, 20200101,   50.0, 4,   32.3, 4, 9999.9, 0,  826.0, 4,   5.3, 4,   1.0, 4,   1.9, 999.9,   53.2*,  43.2 , 0.00I,999.9, 000000,
422990,99999, 20200102,   50.7, 4,   35.0, 4, 9999.9, 0,  825.8, 4,   2.5, 4,   0.0, 4, 999.9, 999.9,   55.4*,  44.2 , 0.00I,999.9, 000000,
422990,99999, 20200103,   48.1, 4,   39.4, 4, 9999.9, 0,  822.4, 4,   2.8, 4,   0.5, 4,   1.9, 999.9,   51.4*,  43.9 , 0.00A,999.9, 010000,
422990,99999, 20200104,   44.0, 4,   41.8, 4, 9999.9, 0,  820.3, 4,   2.2, 4,   0.0, 4, 999.9, 999.9,   45.0*,  38.1 , 1.34G,999.9, 010000,
422990,99999, 20200105,   42.1, 4,   36.7, 4, 9999.9, 0,  818.2, 4,   3.4, 4,   1.5, 4,   6.0, 999.9,   45.7*,  38.8 , 0.12G,999.9, 000000,
422990,99999, 20200106,   45.1, 4,   33.4, 4, 9999.9, 0,  821.3, 4,   5.3, 4,   0.5, 4,   1.9, 999.9,   50.5 ,  36.0 , 0.01G,999.9, 000000,
422990,99999, 20200107,   47.9, 4,   35.9, 4, 9999.9, 0,  819.9, 4,   4.3, 4,   1.0, 4,   1.9, 999.9,   54.1 ,  38.5 , 0.01G,999.9, 000000,
422990,99999, 20200108,   46.9, 4,   39.5, 4, 9999.9, 0,  820.8, 4,   2.5, 4,   0.0, 4, 999.9, 999.9,   49.6*,  40.8 , 0.00G,999.9, 000000,
422990,99999, 20200109,   44.2, 4,   40.9, 4, 9999.9, 0,  820.4, 4,   2.5, 4,   0.0, 4, 999.9, 999.9,   45.3*,  41.5 , 0.12G,999.9, 000000,
422990,99999, 20200110,   46.3, 4,   41.5, 4, 9999.9, 0,  819.8, 4,   2.5, 4,   0.0, 4, 999.9, 999.9,   48.2*,  40.8 , 0.00G,999.9, 000000,
422990,99999, 20200113,   51.7, 4,   38.9, 4, 9999.9, 0,  817.8, 4,   5.3, 4,   0.5, 4,   1.9, 999.9,   58.3*,  43.2 , 0.00I,999.9, 000000,
422990,99999, 20200114,   50.7, 4,   40.4, 4, 9999.9, 0,  818.6, 4,   5.3, 4,   0.2, 4,   1.0, 999.9,   55.0*,  42.8 , 0.00I,999.9, 000000,
422990,99999, 20200115,   51.2, 4,   42.9, 4, 9999.9, 0,  820.3, 4,   2.5, 4,   0.5, 4,   1.0, 999.9,   54.3*,  43.9 , 0.00I,999.9, 000000,
422990,99999, 20200116,   51.2, 4,   42.7, 4, 9999.9, 0,  821.0, 4,   2.5, 4,   0.0, 4, 999.9, 999.9,   55.4*,  44.1 , 0.00I,999.9, 000000,
422990,99999, 20200117,   47.4, 4,   43.9, 4, 9999.9, 0,  822.2, 4,   0.9, 4,   0.0, 4, 999.9, 999.9,   49.6*,  44.2 , 0.08A,999.9, 010000,
422990,99999, 20200118,   50.4, 4,   45.9, 4, 9999.9, 0,  820.7, 4,   1.9, 4,   0.5, 4,   1.9, 999.9,   54.0*,  44.2 , 0.20G,999.9, 000000,
422990,99999, 20200119,   50.3, 4,   40.7, 4, 9999.9, 0,  819.4, 4,   2.2, 4,   2.5, 4,   4.1, 999.9,   55.0*,  43.3 , 0.00G,999.9, 000000,
422990,99999, 20200120,   48.2, 4,   32.5, 4, 9999.9, 0,  819.5, 4,   4.3, 4,   1.0, 4,   1.9, 999.9,   54.3*,  38.7 , 0.00I,999.9, 000000,
422990,99999, 20200121,   48.7, 4,   36.0, 4, 9999.9, 0,  821.4, 4,   2.5, 4,   0.5, 4,   1.9, 999.9,   53.2*,  39.0 , 0.00I,999.9, 000000,
422990,99999, 20200122,   47.1, 4,   38.9, 4, 9999.9, 0,  820.7, 4,   2.2, 4,   0.5, 4,   1.0, 999.9,   52.2*,  38.7 , 0.00I,999.9, 000000,
422990,99999, 20200123,   43.0, 4,   39.1, 4, 9999.9, 0,  818.3, 4,   0.3, 4,   0.2, 4,   1.0, 999.9,   44.2*,  40.3 , 0.02G,999.9, 110000,
422990,99999, 20200124,   43.0, 4,   39.7, 4, 9999.9, 0,  818.7, 4,   0.7, 4,   0.0, 4, 999.9, 999.9,   44.6*,  40.5 , 0.04G,999.9, 100000,
422990,99999, 20200125,   46.7, 4,   35.3, 4, 9999.9, 0,  818.3, 4,   2.2, 4,   0.5, 4,   1.9, 999.9,   54.3*,  37.2 , 0.00G,999.9, 000000,
422990,99999, 20200126,   46.1, 4,   38.0, 4, 9999.9, 0,  817.1, 4,   2.5, 4,   0.5, 4,   1.9, 999.9,   52.5*,  38.3 , 0.00I,999.9, 000000,
422990,99999, 20200127,   46.0, 4,   37.4, 4, 9999.9, 0,  816.6, 4,   1.9, 4,   0.2, 4,   1.0, 999.9,   50.7*,  39.6 , 0.00I,999.9, 000000,
422990,99999, 20200128,   46.5, 4,   40.1, 4, 9999.9, 0,  817.8, 4,   1.2, 4,   0.5, 4,   1.0, 999.9,   49.3*,  40.5 , 0.00I,999.9, 000000,
422990,99999, 20200129,   47.9, 4,   41.8, 4, 9999.9, 0,  820.3, 4,   1.6, 4,   0.0, 4, 999.9, 999.9,   51.4*,  41.2 ,99.99 ,999.9, 010000,
422990,99999, 20200130,   47.9, 4,   42.5, 4, 9999.9, 0,  818.2, 4,   0.5, 4,   0.7, 4,   1.9, 999.9,   51.4*,  42.8 , 0.00G,999.9, 100000,
422990,99999, 20200131,   47.0, 4,   42.1, 4, 9999.9, 0,  818.0, 4,   1.1, 4,   0.2, 4,   1.0, 999.9,   49.3*,  39.4 , 0.43G,999.9, 010000,
422990,99999, 20200201,   46.4, 4,   41.0, 4, 9999.9, 0,  820.4, 4,   0.9, 4,   0.5, 4,   1.0, 999.9,   47.5*,  41.9 , 0.00G,999.9, 100000,
422990,99999, 20200202,   45.3, 4,   39.0, 4, 9999.9, 0,  820.0, 4,   1.2, 4,   0.5, 4,   1.0, 999.9,   47.5*,  40.5 , 0.00I,999.9, 000000,
422990,99999, 20200203,   46.0, 4,   40.4, 4, 9999.9, 0,  821.0, 4,   1.2, 4,   0.5, 4,   1.0, 999.9,   48.9*,  39.2 , 0.00I,999.9, 000000,
422990,99999, 20200204,   49.1, 4,   38.1, 4, 9999.9, 0,  819.9, 4,   2.2, 4,   0.7, 4,   1.9, 999.9,   55.4*,  39.9 , 0.00I,999.9, 000000,
422990,99999, 20200205,   46.6, 4,   39.2, 4, 9999.9, 0,  817.6, 4,   1.6, 4,   1.5, 4,   4.1, 999.9,   48.6*,  41.7 ,99.99 ,999.9, 010000,
422990,99999, 20200206,   46.1, 4,   41.6, 4, 9999.9, 0,  819.6, 4,   0.7, 4,   0.0, 4, 999.9, 999.9,   47.5*,  42.1 , 0.00G,999.9, 100000,
422990,99999, 20200207,   47.5, 4,   38.8, 4, 9999.9, 0,  821.4, 4,   1.6, 4,   0.2, 4,   1.0, 999.9,   51.4*,  40.1 , 0.00I,999.9, 000000,
422990,99999, 20200208,   48.1, 4,   34.7, 4, 9999.9, 0,  822.8, 4,   2.5, 4,   0.7, 4,   2.9, 999.9,   54.3*,  39.0 , 0.00G,999.9, 000000,
422990,99999, 20200209,   50.0, 4,   32.4, 4, 9999.9, 0,  823.2, 4,   3.4, 4,   0.2, 4,   1.0, 999.9,   55.4*,  40.8 , 0.00I,999.9, 000000,
422990,99999, 20200210,   50.3, 4,   35.9, 4, 9999.9, 0,  822.1, 4,   2.5, 4,   0.5, 4,   1.0, 999.9,   55.4*,  40.3 , 0.00I,999.9, 000000,
422990,99999, 20200211,   52.1, 4,   41.1, 4, 9999.9, 0,  822.0, 4,   2.2, 4,   0.7, 4,   1.9, 999.9,   57.9*,  42.3 , 0.00I,999.9, 000000,
422990,99999, 20200212,   55.0, 4,   38.3, 4, 9999.9, 0,  821.2, 4,   2.5, 4,   1.5, 4,   2.9, 999.9,   60.1*,  44.6 , 0.00I,999.9, 000000,
422990,99999, 20200213,   53.5, 4,   42.1, 4, 9999.9, 0,  819.5, 4,   2.5, 4,   1.0, 4,   1.9, 999.9,   57.6*,  45.5 , 0.00I,999.9, 000000,
422990,99999, 20200214,   51.7, 4,   44.2, 4, 9999.9, 0,  816.0, 4,   1.9, 4,   0.7, 4,   1.9, 999.9,   54.3*,  46.8 ,99.99 ,999.9, 010000,
422990,99999, 20200215,   50.7, 4,   46.4, 4, 9999.9, 0,  818.9, 4,   0.9, 4,   0.0, 4, 999.9, 999.9,   52.9*,  46.4 , 0.00G,999.9, 000000,
422990,99999, 20200216,   53.6, 4,   46.3, 4, 9999.9, 0,  821.4, 4,   1.1, 4,   0.5, 4,   1.9, 999.9,   59.4*,  46.0 , 0.00G,999.9, 000000,
422990,99999, 20200217,   54.2, 4,   48.4, 4, 9999.9, 0,  821.4, 4,   1.2, 4,   0.5, 4,   1.0, 999.9,   56.5*,  47.1 , 0.00I,999.9, 000000,
422990,99999, 20200218,   55.5, 4,   48.1, 4, 9999.9, 0,  819.6, 4,   1.6, 4,   0.2, 4,   1.0, 999.9,   59.7*,  48.2 , 0.00I,999.9, 000000,
422990,99999, 20200219,   52.8, 4,   48.4, 4, 9999.9, 0,  822.0, 4,   0.7, 4,   0.0, 4, 999.9, 999.9,   54.3*,  49.1 ,99.99 ,999.9, 110000,
422990,99999, 20200220,   53.2, 4,   49.0, 4, 9999.9, 0,  822.9, 4,   0.5, 4,   1.0, 4,   1.9, 999.9,   54.3*,  49.5 , 0.02G,999.9, 100000,
422990,99999, 20200221,   57.8, 4,   49.0, 4, 9999.9, 0, 9999.9, 0,   1.2, 4, 999.9, 0, 999.9, 999.9,   68.0*,  48.2 , 0.00G,999.9, 000000,
422990,99999, 20200222,   53.2, 4,   48.7, 4, 9999.9, 0,  825.8, 4,   1.9, 4,   2.0, 4,   4.1, 999.9,   55.0*,  48.2 , 0.12G,999.9, 010000,
422990,99999, 20200223,   56.5, 4,   43.8, 4, 9999.9, 0,  823.9, 4,   2.5, 4,   1.9, 4,   2.9, 999.9,   63.0*,  48.2 , 0.04G,999.9, 010000,
422990,99999, 20200224,   53.1, 4,   43.7, 4, 9999.9, 0,  821.6, 4,   2.5, 4,   0.5, 4,   1.9, 999.9,   57.6*,  43.7 , 1.22G,999.9, 000000,
422990,99999, 20200225,   48.5, 4,   44.3, 4, 9999.9, 0, 9999.9, 0,   1.6, 4, 999.9, 0, 999.9, 999.9,   52.2*,  45.3*, 0.16G,999.9, 010010,
422990,99999, 20200226,   45.7, 4,   43.2, 4, 9999.9, 0,  820.2, 4,   1.4, 4,   0.7, 4,   2.9, 999.9,   47.5*,  43.0 , 0.20G,999.9, 110000,
422990,99999, 20200227,   49.3, 4,   41.9, 4, 9999.9, 0,  820.4, 4,   2.5, 4,   0.7, 4,   1.9, 999.9,   58.6*,  41.2 , 0.28G,999.9, 000000,
422990,99999, 20200228,   55.9, 4,   43.4, 4, 9999.9, 0,  820.8, 4,   3.4, 4,   1.0, 4,   1.9, 999.9,   62.6*,  43.9 , 0.00G,999.9, 000000,
422990,99999, 20200229,   57.6, 4,   44.1, 4, 9999.9, 0,  819.8, 4,   5.3, 4,   1.0, 4,   1.9, 999.9,   62.6*,  42.8 , 0.00I,999.9, 000000,
422990,99999, 20200301,   55.0, 4,   46.8, 4, 9999.9, 0,  821.3, 4,   3.1, 4,   4.0, 4,  11.1, 999.9,   62.2*,  46.8 ,99.99 ,999.9, 010010,
422990,99999, 20200302,   53.8, 4,   46.8, 4, 9999.9, 0,  820.5, 4,   2.2, 4,   1.2, 4,   2.9, 999.9,   62.2*,  46.6 , 1.22G,999.9, 010010,
422990,99999, 20200303,   51.4, 4,   46.5, 4, 9999.9, 0,  819.0, 4,   2.2, 4,   0.7, 4,   1.0, 999.9,   56.1*,  46.6 , 0.24G,999.9, 010010,
422990,99999, 20200304,   50.5, 4,   48.0, 4, 9999.9, 0,  821.2, 4,   1.9, 4,   0.5, 4,   1.9, 999.9,   51.8*,  45.5 , 1.06G,999.9, 010110,
422990,99999, 20200305,   54.4, 4,   44.0, 4, 9999.9, 0,  821.2, 4,   2.5, 4,   1.0, 4,   2.9, 999.9,   60.8*,  45.0 , 0.31G,999.9, 000000,
422990,99999, 20200306,   51.8, 4,   44.7, 4, 9999.9, 0,  822.7, 4,   2.5, 4,   0.5, 4,   1.0, 999.9,   52.9*,  44.6 , 0.20G,999.9, 000000,
422990,99999, 20200307,   50.0, 4,   46.9, 4, 9999.9, 0,  822.9, 4,   1.3, 4,   0.5, 4,   1.0, 999.9,   51.4*,  46.6 , 0.00G,999.9, 010000,
422990,99999, 20200308,   53.1, 4,   45.4, 4, 9999.9, 0,  819.8, 4,   2.5, 4,   1.3, 4,   4.1, 999.9,   60.1*,  43.5 , 0.28G,999.9, 000000,
422990,99999, 20200309,   54.5, 4,   48.1, 4, 9999.9, 0,  819.7, 4,   2.5, 4,   0.2, 4,   1.0, 999.9,   58.6*,  46.2 , 0.00G,999.9, 000000,
422990,99999, 20200310,   55.0, 4,   49.8, 4, 9999.9, 0,  820.7, 4,   1.6, 4,   0.5, 4,   1.9, 999.9,   57.2*,  49.3 , 0.00I,999.9, 100000,
422990,99999, 20200311,   56.5, 4,   49.6, 4, 9999.9, 0,  820.8, 4,   1.9, 4,   0.7, 4,   1.9, 999.9,   60.4*,  48.0 ,99.99 ,999.9, 010000,
422990,99999, 20200312,   59.2, 4,   50.4, 4, 9999.9, 0,  822.6, 4,   2.5, 4,   0.7, 4,   1.9, 999.9,   64.0*,  48.0 , 0.02G,999.9, 000000,
422990,99999, 20200313,   58.4, 4,   52.3, 4, 9999.9, 0,  824.9, 4,   1.9, 4,   0.5, 4,   1.0, 999.9,   61.2*,  49.8 , 0.00G,999.9, 010000,
422990,99999, 20200314,   52.9, 4,   47.3, 4, 9999.9, 0,  824.3, 4,   2.5, 4,   3.4, 4,   8.9, 999.9,   54.3*,  50.2 , 0.24G,999.9, 010000,
422990,99999, 20200315,   59.2, 4,   42.5, 4, 9999.9, 0,  822.9, 4,   3.4, 4,   1.7, 4,   5.1, 999.9,   65.1*,  48.4 , 0.08G,999.9, 010000,
422990,99999, 20200316,   57.0, 4,   36.5, 4, 9999.9, 0,  822.8, 4,   6.2, 4,   1.7, 4,   4.1, 999.9,   63.7*,  45.7 , 0.00G,999.9, 000000,
422990,99999, 20200317,   57.7, 4,   43.7, 4, 9999.9, 0,  823.2, 4,   4.3, 4,   1.7, 4,   5.1, 999.9,   62.2*,  48.2 , 0.00I,999.9, 000000,
422990,99999, 20200318,   55.9, 4,   47.2, 4, 9999.9, 0,  822.0, 4,   1.9, 4,   1.0, 4,   2.9, 999.9,   59.0*,  49.3 ,99.99 ,999.9, 010000,
422990,99999, 20200319,   53.8, 4,   49.1, 4, 9999.9, 0,  821.1, 4,   1.9, 4,   0.7, 4,   2.9, 999.9,   55.0*,  50.0 , 0.01A,999.9, 010000,
422990,99999, 20200320,   50.5, 4,   48.1, 4, 9999.9, 0,  821.9, 4,   1.9, 4,   2.2, 4,   2.9, 999.9,   52.2*,  46.8 , 0.67G,999.9, 010000,
422990,99999, 20200321,   53.4, 4,   46.4, 4, 9999.9, 0,  821.5, 4,   1.9, 4,   0.7, 4,   1.9, 999.9,   57.6*,  45.5 , 0.47G,999.9, 010000,
422990,99999, 20200322,   53.8, 4,   48.8, 4, 9999.9, 0,  822.3, 4,   1.9, 4,   0.5, 4,   1.0, 999.9,   57.2*,  47.3 , 0.63G,999.9, 010000,
422990,99999, 20200323,   52.3, 4,   46.9, 4, 9999.9, 0,  821.7, 4,   2.5, 4,   2.2, 4,   2.9, 999.9,   56.1*,  46.9 , 0.51G,999.9, 010010,
422990,99999, 20200324,   58.3, 4,   48.1, 4, 9999.9, 0,  820.7, 4,   3.4, 4,   1.2, 4,   1.9, 999.9,   61.9*,  48.4 , 0.12G,999.9, 000000,
422990,99999, 20200325,   60.3, 4,   50.6, 4, 9999.9, 0,  819.8, 4,   2.5, 4,   1.0, 4,   1.9, 999.9,   64.0*,  51.1 , 0.00G,999.9, 000000,
422990,99999, 20200326,   61.7, 4,   53.0, 4, 9999.9, 0,  820.8, 4,   2.5, 4,   1.2, 4,   2.9, 999.9,   67.6*,  51.3 , 0.04G,999.9, 000000,
422990,99999, 20200327,   61.2, 4,   56.0, 4, 9999.9, 0,  822.0, 4,   1.6, 4,   0.0, 4, 999.9, 999.9,   63.0*,  55.6 , 0.00G,999.9, 010000,
422990,99999, 20200328,   64.0, 4,   57.5, 4, 9999.9, 0,  818.8, 4,   1.9, 4,   0.7, 4,   1.9, 999.9,   67.3*,  57.0 , 0.91G,999.9, 100000,
422990,99999, 20200329,   64.5, 4,   55.1, 4, 9999.9, 0,  817.8, 4,   2.5, 4,   1.7, 4,   1.9, 999.9,   69.4*,  55.8 , 0.00G,999.9, 000000,
422990,99999, 20200330,   63.1, 4,   52.8, 4, 9999.9, 0,  819.2, 4,   2.5, 4,   1.5, 4,   2.9, 999.9,   68.4*,  53.1 , 0.00I,999.9, 000000,
422990,99999, 20200331,   61.1, 4,   53.4, 4, 9999.9, 0,  821.2, 4,   2.2, 4,   0.2, 4,   1.0, 999.9,   63.7*,  55.4 , 0.02G,999.9, 000000,
422990,99999, 20200401,   58.6, 4,   52.3, 4, 9999.9, 0,  820.3, 4,   2.2, 4,   1.7, 4,   2.9, 999.9,   61.9*,  54.3*, 0.00G,999.9, 010010,
422990,99999, 20200402,   61.2, 4,   50.7, 4, 9999.9, 0,  818.9, 4,   2.5, 4,   2.2, 4,   4.1, 999.9,   66.6*,  49.1 , 1.85G,999.9, 000000,
422990,99999, 20200403,   63.2, 4,   46.4, 4, 9999.9, 0,  820.2, 4,   2.5, 4,   1.5, 4,   1.9, 999.9,   66.2*,  52.9 , 0.08G,999.9, 000000,
422990,99999, 20200404,   63.0, 4,   48.7, 4, 9999.9, 0, 9999.9, 0,   2.1, 4,  27.0, 4, 999.9, 999.9,   66.6*,  56.8*, 0.00G,999.9, 000000,
422990,99999, 20200405,   58.6, 4,   46.0, 4, 9999.9, 0,  822.0, 4,   2.2, 4,   0.5, 4,   1.9, 999.9,   64.4*,  53.1 ,99.99 ,999.9, 010000,
422990,99999, 20200406,   59.5, 4,   51.4, 4, 9999.9, 0,  821.2, 4,   2.2, 4,   0.7, 4,   1.9, 999.9,   62.6*,  54.0 , 0.00G,999.9, 010000,
422990,99999, 20200407,   66.6, 4,   53.0, 4, 9999.9, 0,  877.3, 4,   1.1, 4,  48.0, 4, 999.9, 999.9,   72.7*,  64.0*, 0.00I,999.9, 000000,
