STN---,WBAN , YEARMODA,   TEMP,  ,   DEWP,  ,  SLP  ,  ,  STP  ,  , VISIB,  ,  WDSP,  , MXSPD,  GUST,   MAX  ,  MIN  ,PRCP  ,SNDP , FRSHTT,
424100,99999, 20200101,   65.6,24,   57.8,24, 9999.9, 0, 9999.9, 0,   1.4,24,   3.4,24,   9.9, 999.9,   77.0*,  51.4 , 0.00E,999.9, 010000,
424100,99999, 20200102,   68.2,24,   58.1,24, 9999.9, 0, 9999.9, 0,   1.9,24,   3.4,24,   8.9, 999.9,   78.8*,  58.5 , 0.00G,999.9, 010000,
424100,99999, 20200103,   63.4,24,   60.3,24, 9999.9, 0, 9999.9, 0,   1.5,24,   3.0,24,   9.9, 999.9,   69.8*,  57.2*, 0.00G,999.9, 010000,
424100,99999, 20200104,   64.6,24,   60.5,24, 9999.9, 0, 9999.9, 0,   1.7,24,   1.5,24,   8.0, 999.9,   73.4*,  55.0 , 0.04G,999.9, 000000,
424100,99999, 20200105,   62.2,24,   59.3,24, 9999.9, 0, 9999.9, 0,   1.6,24,   2.8,24,   9.9, 999.9,   71.6*,  54.7 , 0.00G,999.9, 010010,
424100,99999, 20200106,   62.0,24,   57.5,24, 9999.9, 0, 9999.9, 0,   1.3,24,   2.4,24,   9.9, 999.9,   69.8*,  51.8 , 0.28G,999.9, 100000,
424100,99999, 20200107,   60.7,24,   56.7,24, 9999.9, 0, 9999.9, 0,   1.4,24,   1.0,24,   6.0, 999.9,   73.6 ,  48.9 , 0.00G,999.9, 100000,
424100,99999, 20200108,   63.5,24,   57.6,24, 9999.9, 0, 9999.9, 0,   1.5,24,   2.1,24,   9.9, 999.9,   75.2*,  48.6 , 0.00I,999.9, 100000,
424100,99999, 20200109,   64.1,24,   60.0,24, 9999.9, 0, 9999.9, 0,   1.2,24,   1.1,24,   7.0, 999.9,   75.2*,  55.0 , 0.00G,999.9, 010000,
424100,99999, 20200110,   64.9,24,   59.2,24, 9999.9, 0, 9999.9, 0,   1.5,24,   1.0,24,   6.0, 999.9,   77.0*,  53.2 , 0.00G,999.9, 100000,
424100,99999, 20200111,   64.1,23,   58.0,23, 9999.9, 0, 9999.9, 0,   1.4,23,   1.3,23,   8.9, 999.9,   76.3 ,  52.5 , 0.00I,999.9, 000000,
424100,99999, 20200112,   64.0,24,   57.4,24, 9999.9, 0, 9999.9, 0,   1.6,24,   1.9,24,   9.9, 999.9,   77.0*,  49.3 , 0.00I,999.9, 100000,
424100,99999, 20200113,   65.3,24,   59.0,24, 9999.9, 0, 9999.9, 0,   1.7,24,   2.2,24,  11.1, 999.9,   77.0*,  48.9 , 0.00I,999.9, 000000,
424100,99999, 20200114,   66.4,24,   59.8,24, 9999.9, 0, 9999.9, 0,   1.6,24,   1.0,24,   6.0, 999.9,   78.8*,  51.6 , 0.00I,999.9, 100000,
424100,99999, 20200115,   67.4,24,   61.0,24, 9999.9, 0, 9999.9, 0,   1.4,24,   1.1,24,   8.0, 999.9,   78.8*,  51.8 , 0.00I,999.9, 000000,
424100,99999, 20200116,   67.9,24,   60.3,24, 9999.9, 0, 9999.9, 0,   1.6,24,   1.1,24,   7.0, 999.9,   80.6*,  53.6 , 0.00I,999.9, 000000,
424100,99999, 20200117,   67.2,24,   60.3,24, 9999.9, 0, 9999.9, 0,   1.4,24,   1.4,24,   6.0, 999.9,   78.8*,  52.0 , 0.00I,999.9, 000000,
424100,99999, 20200118,   68.6,24,   61.7,24, 9999.9, 0, 9999.9, 0,   1.4,24,   1.2,24,   4.1, 999.9,   80.6*,  53.2 , 0.00I,999.9, 000000,
424100,99999, 20200119,   67.8,24,   63.2,24, 9999.9, 0, 9999.9, 0,   1.2,24,   1.2,24,  12.0, 999.9,   77.0*,  56.1 , 0.47E,999.9, 010010,
424100,99999, 20200120,   64.9,24,   58.9,24, 9999.9, 0, 9999.9, 0,   1.3,24,   2.2,24,   7.0, 999.9,   73.4*,  55.4 , 0.00I,999.9, 000000,
424100,99999, 20200121,   61.1,24,   56.2,24, 9999.9, 0, 9999.9, 0,   1.2,24,   0.6,24,   2.9, 999.9,   69.8*,  50.4 , 0.00I,999.9, 000000,
424100,99999, 20200122,   62.2,24,   54.7,24, 9999.9, 0, 9999.9, 0,   1.3,24,   1.5,24,   5.1, 999.9,   73.8*,  48.6 , 0.00I,999.9, 000000,
424100,99999, 20200123,   62.0,24,   53.1,24, 9999.9, 0, 9999.9, 0,   1.4,24,   2.1,24,   8.0, 999.9,   73.4*,  48.0 , 0.00I,999.9, 000000,
424100,99999, 20200124,   59.5,24,   54.6,24, 9999.9, 0, 9999.9, 0,   1.0,24,   2.0,24,   9.9, 999.9,   68.0*,  50.0*, 0.00I,999.9, 000000,
424100,99999, 20200125,   60.7,24,   53.6,24, 9999.9, 0, 9999.9, 0,   1.2,24,   2.0,24,  11.1, 999.9,   71.6*,  45.0 , 0.00I,999.9, 000000,
424100,99999, 20200126,   61.7,24,   54.6,24, 9999.9, 0, 9999.9, 0,   1.4,24,   1.4,24,   6.0, 999.9,   75.2*,  46.0 , 0.00I,999.9, 000000,
424100,99999, 20200127,   64.1,24,   55.6,24, 9999.9, 0, 9999.9, 0,   1.5,24,   1.2,24,   7.0, 999.9,   75.6*,  48.6 , 0.00I,999.9, 000000,
424100,99999, 20200128,   62.7,24,   57.3,24, 9999.9, 0, 9999.9, 0,   0.9,24,   0.6,24,   6.0, 999.9,   73.4*,  52.9 , 0.00I,999.9, 000000,
424100,99999, 20200129,   63.2,24,   57.9,24, 9999.9, 0, 9999.9, 0,   1.0,24,   2.0,24,   8.9, 999.9,   75.2*,  49.5 , 0.00I,999.9, 100000,
424100,99999, 20200130,   67.6,24,   59.7,24, 9999.9, 0, 9999.9, 0,   1.1,24,   1.7,24,   5.1, 999.9,   77.0*,  53.2 ,99.99 ,999.9, 010010,
424100,99999, 20200131,   62.8,24,   60.1,24, 9999.9, 0, 9999.9, 0,   1.0,24,   1.9,24,   7.0, 999.9,   68.0*,  57.2 , 0.28G,999.9, 010000,
424100,99999, 20200201,   64.5,24,   60.5,24, 9999.9, 0, 9999.9, 0,   1.1,24,   1.4,24,   7.0, 999.9,   73.4*,  54.5 , 0.00G,999.9, 000000,
424100,99999, 20200202,   63.1,24,   52.3,24, 9999.9, 0, 9999.9, 0,   1.6,24,   4.0,24,   9.9, 999.9,   74.8*,  51.8*, 0.00I,999.9, 000000,
424100,99999, 20200203,   62.0,24,   51.8,24, 9999.9, 0, 9999.9, 0,   1.7,24,   1.6,24,   6.0, 999.9,   74.1*,  46.2 , 0.00I,999.9, 000000,
424100,99999, 20200204,   63.4,24,   54.7,24, 9999.9, 0, 9999.9, 0,   1.3,24,   1.5,24,   8.0, 999.9,   77.0*,  46.9 , 0.00I,999.9, 000000,
424100,99999, 20200205,   63.6,24,   54.7,24, 9999.9, 0, 9999.9, 0,   1.1,24,   2.0,24,   6.0, 999.9,   77.0*,  49.6 , 0.00I,999.9, 000000,
424100,99999, 20200206,   64.0,24,   54.1,24, 9999.9, 0, 9999.9, 0,   1.4,24,   2.1,24,   5.1, 999.9,   77.0*,  37.2 , 0.00I,999.9, 000000,
424100,99999, 20200207,   65.8,24,   56.0,24, 9999.9, 0, 9999.9, 0,   1.4,24,   2.1,24,   8.9, 999.9,   77.7*,  49.8 , 0.00I,999.9, 000000,
424100,99999, 20200208,   67.6,24,   58.8,24, 9999.9, 0, 9999.9, 0,   1.4,24,   2.3,24,   8.9, 999.9,   77.4*,  50.5 , 0.00I,999.9, 000000,
424100,99999, 20200209,   68.0,24,   57.6,24, 9999.9, 0, 9999.9, 0,   1.4,24,   1.5,24,   5.1, 999.9,   81.0*,  55.4 , 0.00I,999.9, 000000,
424100,99999, 20200210,   67.5,24,   57.9,24, 9999.9, 0, 9999.9, 0,   1.7,24,   1.7,24,   6.0, 999.9,   80.6*,  52.3 , 0.00I,999.9, 000000,
424100,99999, 20200211,   67.9,24,   56.3,24, 9999.9, 0, 9999.9, 0,   1.6,24,   1.8,24,   6.0, 999.9,   82.4*,  52.2 , 0.00I,999.9, 000000,
424100,99999, 20200212,   67.8,24,   54.9,24, 9999.9, 0, 9999.9, 0,   1.6,24,   2.1,24,   7.0, 999.9,   82.4*,  52.2 , 0.00I,999.9, 000000,
424100,99999, 20200213,   68.4,24,   55.8,24, 9999.9, 0, 9999.9, 0,   1.4,24,   1.4,24,   6.0, 999.9,   82.0*,  52.3 , 0.00I,999.9, 000000,
424100,99999, 20200214,   67.7,24,   57.5,24, 9999.9, 0, 9999.9, 0,   1.3,24,   2.0,24,   6.0, 999.9,   80.6*,  55.4 , 0.00I,999.9, 000000,
424100,99999, 20200215,   68.6,24,   58.5,24, 9999.9, 0, 9999.9, 0,   1.2,24,   0.6,24,   5.1, 999.9,   80.6*,  51.4 , 0.00I,999.9, 000000,
424100,99999, 20200216,   69.5,24,   61.8,24, 9999.9, 0, 9999.9, 0,   1.1,24,   1.4,24,   7.0, 999.9,   80.6*,  54.7 , 0.00I,999.9, 000000,
424100,99999, 20200217,   72.0,24,   63.8,24, 9999.9, 0, 9999.9, 0,   1.1,24,   2.5,24,   6.0, 999.9,   82.4*,  57.9 , 0.00I,999.9, 000000,
424100,99999, 20200218,   72.6,24,   63.6,24, 9999.9, 0, 9999.9, 0,   1.2,24,   3.7,24,   9.9, 999.9,   84.2*,  60.4 , 0.00E,999.9, 010000,
424100,99999, 20200219,   69.8,24,   66.4,24, 9999.9, 0, 9999.9, 0,   1.1,24,   1.2,24,   8.0, 999.9,   77.0*,  62.6*, 0.31G,999.9, 000000,
424100,99999, 20200220,   70.1,24,   65.2,24, 9999.9, 0, 9999.9, 0,   1.0,24,   1.7,24,   8.0, 999.9,   78.8*,  57.9 , 0.00G,999.9, 100000,
424100,99999, 20200221,   71.3,24,   63.3,24, 9999.9, 0, 9999.9, 0,   1.3,24,   2.9,24,  11.1, 999.9,   82.4*,  57.2 , 0.00I,999.9, 000000,
424100,99999, 20200222,   70.4,24,   63.2,24, 9999.9, 0, 9999.9, 0,   1.3,24,   2.5,24,   8.0, 999.9,   82.4*,  54.0 , 0.00I,999.9, 000000,
424100,99999, 20200223,   72.2,24,   64.6,24, 9999.9, 0, 9999.9, 0,   1.4,24,   2.3,24,   8.0, 999.9,   84.2*,  59.4 , 0.00I,999.9, 000000,
424100,99999, 20200224,   72.7,24,   64.3,24, 9999.9, 0, 9999.9, 0,   1.4,24,   1.2,24,   6.0, 999.9,   86.0*,  57.9 , 0.00I,999.9, 000000,
424100,99999, 20200225,   70.5,24,   61.3,24, 9999.9, 0, 9999.9, 0,   1.2,24,   4.1,24,   8.9, 999.9,   78.8*,  58.5 , 0.00E,999.9, 010000,
424100,99999, 20200226,   67.9,24,   61.7,24, 9999.9, 0, 9999.9, 0,   1.6,24,   5.4,24,  15.0, 999.9,   77.0*,  59.0*, 0.16G,999.9, 110010,
424100,99999, 20200227,   66.4,24,   59.8,24, 9999.9, 0, 9999.9, 0,   1.7,24,   2.2,24,   9.9, 999.9,   77.0*,  53.6 , 0.16G,999.9, 100000,
424100,99999, 20200228,   69.5,24,   58.5,24, 9999.9, 0, 9999.9, 0,   2.2,24,   3.4,24,  11.1, 999.9,   82.4*,  53.2 , 0.00G,999.9, 000000,
424100,99999, 20200229,   71.5,24,   60.5,24, 9999.9, 0, 9999.9, 0,   2.1,24,   2.1,24,  12.0, 999.9,   84.6*,  53.2 , 0.00I,999.9, 000000,
424100,99999, 20200301,   74.1,24,   61.5,24, 9999.9, 0, 9999.9, 0,   2.3,24,   2.1,24,   8.9, 999.9,   87.8*,  56.5 , 0.00I,999.9, 000000,
424100,99999, 20200302,   75.4,24,   62.3,24, 9999.9, 0, 9999.9, 0,   2.2,24,   2.1,24,   7.0, 999.9,   87.8*,  58.6 , 0.16E,999.9, 010010,
424100,99999, 20200303,   70.8,24,   63.3,24, 9999.9, 0, 9999.9, 0,   1.8,24,   4.1,24,  25.1, 999.9,   84.2*,  61.2 ,99.99 ,999.9, 010010,
424100,99999, 20200304,   72.2,24,   64.3,24, 9999.9, 0, 9999.9, 0,   2.2,24,   4.2,24,  11.1, 999.9,   80.6*,  59.7 , 0.20G,999.9, 000000,
424100,99999, 20200305,   73.2,24,   63.6,24, 9999.9, 0, 9999.9, 0,   2.0,24,   4.7,24,  12.0, 999.9,   82.8*,  63.7 , 0.00G,999.9, 000000,
424100,99999, 20200306,   68.7,24,   62.9,24, 9999.9, 0, 9999.9, 0,   1.8,24,   3.4,24,  13.0, 999.9,   80.6*,  59.0*, 0.12G,999.9, 010010,
424100,99999, 20200307,   68.3,24,   65.4,24, 9999.9, 0, 9999.9, 0,   1.4,24,   0.5,24,   6.0, 999.9,   73.4*,  55.8 , 0.00G,999.9, 010010,
424100,99999, 20200308,   73.3,24,   65.7,24, 9999.9, 0, 9999.9, 0,   1.8,24,   2.2,24,   8.9, 999.9,   82.4*,  60.1 , 0.47G,999.9, 000000,
424100,99999, 20200309,   73.7,24,   64.4,24, 9999.9, 0, 9999.9, 0,   2.1,24,   2.2,24,   8.9, 999.9,   84.2*,  59.0 , 0.00G,999.9, 000000,
424100,99999, 20200310,   74.7,24,   64.2,24, 9999.9, 0, 9999.9, 0,   2.2,24,   3.0,24,   8.0, 999.9,   86.0*,  59.7 , 0.00I,999.9, 000000,
424100,99999, 20200311,   73.2,22,   61.9,22, 9999.9, 0, 9999.9, 0,   2.1,22,   2.4,22,   8.9, 999.9,   88.0 ,  59.4 , 0.00I,999.9, 000000,
424100,99999, 20200312,   76.5,24,   64.1,24, 9999.9, 0, 9999.9, 0,   1.9,24,   3.0,24,   8.0, 999.9,   87.8*,  58.8 , 0.00I,999.9, 000000,
424100,99999, 20200313,   76.6,23,   66.1,23, 9999.9, 0, 9999.9, 0,   1.9,23,   2.2,23,   9.9, 999.9,   87.8*,  64.2 ,99.99 ,999.9, 010000,
424100,99999, 20200314,   74.2,20,   66.6,20, 9999.9, 0, 9999.9, 0,   1.5,20,   3.5,20,  11.1, 999.9,   85.1*,  66.9*, 0.00I,999.9, 000000,
424100,99999, 20200315,   74.3,24,   66.5,24, 9999.9, 0, 9999.9, 0,   1.8,24,   3.2,24,   7.0, 999.9,   82.4*,  64.8 , 0.00G,999.9, 010000,
424100,99999, 20200316,   78.2,24,   60.5,24, 9999.9, 0, 9999.9, 0,   1.9,24,   3.9,24,  12.0, 999.9,   89.6*,  61.2 , 0.00I,999.9, 000000,
424100,99999, 20200317,   74.5,24,   54.9,24, 9999.9, 0, 9999.9, 0,   2.4,24,   2.5,24,   8.0, 999.9,   89.2*,  58.6 , 0.00I,999.9, 000000,
424100,99999, 20200318,   74.7,24,   56.3,24, 9999.9, 0, 9999.9, 0,   2.4,24,   3.3,24,   9.9, 999.9,   88.2*,  55.0 , 0.00I,999.9, 000000,
424100,99999, 20200319,   76.8,24,   59.9,24, 9999.9, 0, 9999.9, 0,   2.2,24,   2.6,24,   8.9, 999.9,   88.5*,  60.3 , 0.00I,999.9, 000000,
424100,99999, 20200320,   75.2,24,   61.4,24, 9999.9, 0, 9999.9, 0,   1.7,24,   2.8,24,  15.9, 999.9,   90.3*,  61.5 , 0.00E,999.9, 010010,
424100,99999, 20200321,   75.3,24,   61.9,24, 9999.9, 0, 9999.9, 0,   1.9,24,   3.6,24,   9.9, 999.9,   91.6 ,  59.9 , 0.00G,999.9, 010000,
424100,99999, 20200322,   69.6,24,   64.8,24, 9999.9, 0, 9999.9, 0,   1.5,24,   1.0,24,   6.0, 999.9,   75.2*,  64.4 , 0.01G,999.9, 010000,
424100,99999, 20200323,   74.4,24,   63.0,24, 9999.9, 0, 9999.9, 0,   2.2,24,   2.4,24,   9.9, 999.9,   88.5*,  61.9 , 0.01G,999.9, 000010,
424100,99999, 20200324,   77.9,21,   63.5,21, 9999.9, 0, 9999.9, 0,   2.4,21,   2.7,21,   8.0, 999.9,   89.6*,  61.0 , 0.00G,999.9, 000000,
424100,99999, 20200325,   80.7,21,   64.3,21, 9999.9, 0, 9999.9, 0,   2.4,21,   2.2,21,   8.0, 999.9,   92.1*,  62.2 , 0.00I,999.9, 000000,
424100,99999, 20200326,   81.9,19,   65.7,19, 1011.3, 4, 9999.9, 0,   2.0,19,   3.2,19,   8.0, 999.9,   91.8*,  65.8 , 0.00I,999.9, 000000,
424100,99999, 20200327,   83.5,20,   68.1,19, 1011.2, 4, 9999.9, 0,   1.8,20,   1.8,20,   8.0, 999.9,   93.2*,  66.0 ,99.99 ,999.9, 010000,
424100,99999, 20200328,   86.6,20,   67.6,20, 1006.5, 4, 9999.9, 0,   1.6,20,   4.6,20,  11.1, 999.9,   96.8*,  69.6 , 0.00G,999.9, 000000,
424100,99999, 20200329,   84.9,20,   58.4,20, 1007.1, 4, 9999.9, 0,   2.0,20,   7.1,20,  13.0, 999.9,   95.0*,  71.2 , 0.00I,999.9, 000000,
424100,99999, 20200330,   84.4,19,   55.2,19, 9999.9, 0, 9999.9, 0,   2.5,19,   5.5,19,  12.0, 999.9,   95.0*,  65.1 , 0.00I,999.9, 000000,
424100,99999, 20200331,   82.3,19,   57.6,19, 9999.9, 0, 9999.9, 0,   2.0,19,   3.5,19,   8.0, 999.9,   93.9*,  62.2 , 0.00I,999.9, 000000,
424100,99999, 20200401,   82.1,20,   60.1,20, 9999.9, 0, 9999.9, 0,   2.0,20,   3.6,20,   7.0, 999.9,   93.9*,  62.2 , 0.00I,999.9, 000000,
424100,99999, 20200402,   84.2,19,   61.4,19, 9999.9, 0, 9999.9, 0,   1.9,19,   4.1,19,  11.1, 999.9,   97.7*,  66.2*,99.99 ,999.9, 010000,
424100,99999, 20200403,   80.6,24,   65.4,24, 9999.9, 0, 9999.9, 0,   2.1,24,   2.9,24,   9.9, 999.9,   94.6*,  66.7 , 0.00G,999.9, 000000,
424100,99999, 20200404,   81.8,22,   59.0,22, 9999.9, 0, 9999.9, 0,   2.3,22,   3.1,22,  11.1, 999.9,   95.0*,  64.2 , 0.00I,999.9, 000000,
424100,99999, 20200405,   79.4,24,   60.8,24, 9999.9, 0, 9999.9, 0,   2.3,24,   2.8,24,   8.0, 999.9,   95.4*,  61.0 , 0.00I,999.9, 000000,
424100,99999, 20200406,   82.5,20,   60.6,20, 9999.9, 0, 9999.9, 0,   2.4,20,   4.7,20,   8.9, 999.9,   94.3*,  61.5 , 0.00I,999.9, 000000,
424100,99999, 20200407,   81.9,21,   63.1,21, 9999.9, 0, 9999.9, 0,   2.2,21,   6.7,20,  11.1, 999.9,   94.6 ,  69.4 , 0.00I,999.9, 000000,
