STN---,WBAN , YEARMODA,   TEMP,  ,   DEWP,  ,  SLP  ,  ,  STP  ,  , VISIB,  ,  WDSP,  , MXSPD,  GUST,   MAX  ,  MIN  ,PRCP  ,SNDP , FRSHTT,
431285,99999, 20200101,   73.4,24,   68.7,24, 9999.9, 0, 9999.9, 0,   2.9,24,   4.9,24,   8.0, 999.9,   82.4*,  68.0*, 0.00I,999.9, 000000,
431285,99999, 20200102,   74.4,24,   69.2,24, 9999.9, 0, 9999.9, 0,   3.0,24,   5.0,24,   8.0, 999.9,   84.2*,  68.0*, 0.00I,999.9, 000000,
431285,99999, 20200103,   72.5,24,   68.6,24, 9999.9, 0, 9999.9, 0,   2.5,24,   4.8,24,   8.0, 999.9,   82.4*,  68.0*,99.99 ,999.9, 010000,
431285,99999, 20200104,   72.6,24,   68.8,24, 9999.9, 0, 9999.9, 0,   2.2,24,   4.8,24,   8.0, 999.9,   84.2*,  66.2*, 0.00I,999.9, 000000,
431285,99999, 20200105,   71.4,23,   63.1,23, 9999.9, 0, 9999.9, 0,   3.1,23,   6.7,23,   8.0, 999.9,   80.6*,  62.6*, 0.00I,999.9, 000000,
431285,99999, 20200106,   71.8,24,   67.9,24, 9999.9, 0, 9999.9, 0,   3.0,24,   4.9,24,   8.0, 999.9,   80.6*,  62.6*, 0.00I,999.9, 000000,
431285,99999, 20200107,   73.2,24,   69.5,24, 9999.9, 0, 9999.9, 0,   2.8,24,   4.7,24,   8.0, 999.9,   82.4*,  68.0*, 0.00I,999.9, 000000,
431285,99999, 20200108,   73.5,24,   67.8,24, 9999.9, 0, 9999.9, 0,   2.7,24,   5.1,24,   8.0, 999.9,   84.2*,  64.4*, 0.00I,999.9, 000000,
431285,99999, 20200109,   72.1,24,   67.9,24, 9999.9, 0, 9999.9, 0,   2.8,24,   5.1,24,   8.0, 999.9,   80.6*,  64.4*, 0.00I,999.9, 000000,
431285,99999, 20200110,   70.8,24,   66.1,24, 9999.9, 0, 9999.9, 0,   2.3,24,   5.7,24,   8.0, 999.9,   82.4*,  60.8*, 0.00I,999.9, 000000,
431285,99999, 20200111,   70.0,23,   63.2,23, 9999.9, 0, 9999.9, 0,   2.7,23,   5.0,23,   8.0, 999.9,   80.6*,  60.8*, 0.00I,999.9, 000000,
431285,99999, 20200112,   69.9,24,   57.4,24, 9999.9, 0, 9999.9, 0,   3.1,24,   4.3,24,   7.0, 999.9,   84.2*,  55.4*, 0.00I,999.9, 000000,
431285,99999, 20200113,   71.2,24,   57.4,24, 9999.9, 0, 9999.9, 0,   3.5,24,   2.9,24,   6.0, 999.9,   86.0*,  55.4*, 0.00I,999.9, 000000,
431285,99999, 20200114,   72.6,24,   61.7,24, 9999.9, 0, 9999.9, 0,   3.0,24,   4.3,24,   8.0, 999.9,   86.0*,  60.8*, 0.00I,999.9, 000000,
431285,99999, 20200115,   71.2,24,   61.1,24, 9999.9, 0, 9999.9, 0,   3.3,24,   4.9,24,   8.0, 999.9,   84.2*,  60.8*, 0.00I,999.9, 000000,
431285,99999, 20200116,   72.7,21,   61.6,21, 9999.9, 0, 9999.9, 0,   3.2,21,   4.5,21,   7.0, 999.9,   86.0*,  60.8*, 0.00I,999.9, 000000,
431285,99999, 20200117,   72.6,24,   63.8,24, 9999.9, 0, 9999.9, 0,   3.4,24,   4.6,24,   7.0, 999.9,   87.8*,  62.6*, 0.00I,999.9, 000000,
431285,99999, 20200118,   73.6,24,   66.4,24, 9999.9, 0, 9999.9, 0,   3.5,24,   5.2,24,   9.9, 999.9,   84.2*,  66.2*, 0.00I,999.9, 000000,
431285,99999, 20200119,   74.8,24,   66.0,24, 9999.9, 0, 9999.9, 0,   3.5,24,   3.6,24,   7.0, 999.9,   86.0*,  64.4*, 0.00I,999.9, 000000,
431285,99999, 20200120,   74.2,24,   65.4,24, 9999.9, 0, 9999.9, 0,   3.4,24,   4.7,24,   7.0, 999.9,   87.8*,  64.4*, 0.00I,999.9, 000000,
431285,99999, 20200121,   73.8,24,   63.2,24, 9999.9, 0, 9999.9, 0,   3.4,24,   4.3,24,   7.0, 999.9,   86.0*,  64.4*, 0.00I,999.9, 000000,
431285,99999, 20200122,   72.4,24,   61.5,24, 9999.9, 0, 9999.9, 0,   3.3,24,   4.1,24,   7.0, 999.9,   86.0*,  62.6*, 0.00I,999.9, 000000,
431285,99999, 20200123,   72.3,24,   61.4,24, 9999.9, 0, 9999.9, 0,   3.3,24,   3.9,24,   8.0, 999.9,   86.0*,  59.0*, 0.00I,999.9, 000000,
431285,99999, 20200124,   74.0,24,   60.4,24, 9999.9, 0, 9999.9, 0,   3.3,24,   5.2,24,   8.9, 999.9,   87.8*,  57.2*, 0.00I,999.9, 000000,
431285,99999, 20200125,   75.0,24,   63.8,24, 9999.9, 0, 9999.9, 0,   3.4,24,   3.3,24,   5.1, 999.9,   86.0*,  64.4*, 0.00I,999.9, 000000,
431285,99999, 20200126,   76.5,24,   63.9,24, 9999.9, 0, 9999.9, 0,   3.2,24,   3.7,24,   5.1, 999.9,   87.8*,  64.4*, 0.00I,999.9, 000000,
431285,99999, 20200127,   77.4,24,   61.5,24, 9999.9, 0, 9999.9, 0,   3.5,24,   3.7,24,   6.0, 999.9,   91.4*,  64.4*, 0.00I,999.9, 000000,
431285,99999, 20200128,   76.2,24,   64.3,24, 9999.9, 0, 9999.9, 0,   3.4,24,   4.7,24,   9.9, 999.9,   89.6*,  66.2*, 0.00I,999.9, 000000,
431285,99999, 20200129,   77.5,24,   63.3,24, 9999.9, 0, 9999.9, 0,   3.3,24,   5.0,24,   8.0, 999.9,   89.6*,  64.4*, 0.00I,999.9, 000000,
431285,99999, 20200130,   75.7,24,   64.7,24, 9999.9, 0, 9999.9, 0,   3.4,24,   4.0,24,   7.0, 999.9,   89.6*,  64.4*, 0.00I,999.9, 000000,
431285,99999, 20200131,   74.9,24,   65.9,24, 9999.9, 0, 9999.9, 0,   3.0,24,   5.4,24,   9.9, 999.9,   87.8*,  64.4*, 0.00I,999.9, 000000,
431285,99999, 20200201,   76.0,24,   66.0,24, 9999.9, 0, 9999.9, 0,   3.2,24,   4.5,24,   8.0, 999.9,   89.6*,  64.4*, 0.00I,999.9, 000000,
431285,99999, 20200202,   74.3,24,   66.9,24, 9999.9, 0, 9999.9, 0,   3.4,24,   4.6,24,   7.0, 999.9,   84.2*,  62.6*, 0.00I,999.9, 000000,
431285,99999, 20200203,   74.3,24,   64.6,24, 9999.9, 0, 9999.9, 0,   3.1,24,   5.0,24,   8.9, 999.9,   87.8*,  62.6*, 0.00I,999.9, 000000,
431285,99999, 20200204,   76.7,24,   62.6,24, 9999.9, 0, 9999.9, 0,   3.3,24,   3.8,24,   6.0, 999.9,   89.6*,  64.4*, 0.00I,999.9, 000000,
431285,99999, 20200205,   76.4,24,   62.1,24, 9999.9, 0, 9999.9, 0,   3.4,24,   4.5,24,   8.0, 999.9,   87.8*,  64.4*, 0.00I,999.9, 000000,
431285,99999, 20200206,   76.8,24,   61.4,24, 9999.9, 0, 9999.9, 0,   3.5,24,   4.7,24,   8.0, 999.9,   91.4*,  62.6*, 0.00I,999.9, 000000,
431285,99999, 20200207,   76.3,24,   65.6,24, 9999.9, 0, 9999.9, 0,   3.5,24,   5.3,24,   9.9, 999.9,   89.6*,  62.6*, 0.00I,999.9, 000000,
431285,99999, 20200208,   75.5,24,   67.3,24, 9999.9, 0, 9999.9, 0,   3.1,24,   4.4,24,   7.0, 999.9,   86.0*,  64.4*, 0.00I,999.9, 000010,
431285,99999, 20200209,   68.4,24,   66.5,24, 9999.9, 0, 9999.9, 0,   2.0,24,   5.9,24,   9.9, 999.9,   73.4*,  64.4*, 0.00I,999.9, 000000,
431285,99999, 20200210,   71.1,22,   68.1,22, 9999.9, 0, 9999.9, 0,   2.9,22,   5.1,22,   7.0, 999.9,   78.8*,  66.2*, 0.00I,999.9, 000000,
431285,99999, 20200211,   73.2,24,   66.2,24, 9999.9, 0, 9999.9, 0,   2.8,24,   6.1,24,   9.9, 999.9,   84.2*,  66.2*, 0.00I,999.9, 000000,
431285,99999, 20200212,   72.2,24,   65.6,24, 9999.9, 0, 9999.9, 0,   3.0,24,   4.9,24,   7.0, 999.9,   82.4*,  62.6*, 0.00I,999.9, 000000,
431285,99999, 20200213,   73.6,24,   56.5,24, 9999.9, 0, 9999.9, 0,   3.2,24,   4.5,24,   8.0, 999.9,   86.0*,  60.8*, 0.00I,999.9, 000000,
431285,99999, 20200214,   75.0,24,   51.9,24, 9999.9, 0, 9999.9, 0,   3.5,24,   3.8,24,   8.0, 999.9,   89.6*,  59.0*, 0.00I,999.9, 000000,
431285,99999, 20200215,   77.0,24,   53.5,24, 9999.9, 0, 9999.9, 0,   3.7,24,   4.8,24,   8.0, 999.9,   89.6*,  57.2*, 0.00I,999.9, 000000,
431285,99999, 20200216,   77.4,24,   57.9,24, 9999.9, 0, 9999.9, 0,   3.7,24,   4.5,24,   8.0, 999.9,   89.6*,  62.6*, 0.00I,999.9, 000000,
431285,99999, 20200217,   76.1,24,   58.9,24, 9999.9, 0, 9999.9, 0,   3.5,24,   4.4,24,   8.0, 999.9,   89.6*,  59.0*, 0.00I,999.9, 000000,
431285,99999, 20200218,   76.6,24,   51.4,24, 9999.9, 0, 9999.9, 0,   3.6,24,   5.1,24,   8.0, 999.9,   89.6*,  64.4*, 0.00I,999.9, 000000,
431285,99999, 20200219,   76.6,24,   60.9,24, 9999.9, 0, 9999.9, 0,   3.8,24,   4.8,24,   8.0, 999.9,   89.6*,  62.6*, 0.00I,999.9, 000000,
431285,99999, 20200220,   75.5,24,   64.0,24, 9999.9, 0, 9999.9, 0,   3.4,24,   5.5,24,   7.0, 999.9,   89.6*,  64.4*, 0.00I,999.9, 000000,
431285,99999, 20200221,   73.8,24,   59.1,24, 9999.9, 0, 9999.9, 0,   3.5,24,   4.2,24,   8.0, 999.9,   87.8*,  62.6*, 0.00I,999.9, 000000,
431285,99999, 20200222,   74.5,24,   56.4,24, 9999.9, 0, 9999.9, 0,   3.5,24,   5.4,24,   8.0, 999.9,   89.6*,  60.8*, 0.00I,999.9, 000000,
431285,99999, 20200223,   75.3,24,   57.8,24, 9999.9, 0, 9999.9, 0,   3.6,24,   5.1,24,   8.9, 999.9,   89.6*,  57.2*, 0.00I,999.9, 000000,
431285,99999, 20200224,   77.5,24,   57.0,24, 9999.9, 0, 9999.9, 0,   3.7,24,   3.2,24,   7.0, 999.9,   93.2*,  60.8*, 0.00I,999.9, 000000,
431285,99999, 20200225,   78.0,24,   65.1,24, 9999.9, 0, 9999.9, 0,   3.7,24,   4.9,24,   7.0, 999.9,   87.8*,  68.0*, 0.00I,999.9, 000000,
431285,99999, 20200226,   76.8,24,   61.5,24, 9999.9, 0, 9999.9, 0,   3.5,24,   6.3,24,   9.9, 999.9,   86.0*,  66.2*, 0.00I,999.9, 000000,
431285,99999, 20200227,   76.5,24,   52.0,24, 9999.9, 0, 9999.9, 0,   3.7,24,   5.5,24,   8.0, 999.9,   87.8*,  64.4*, 0.00I,999.9, 000000,
431285,99999, 20200228,   75.9,24,   63.1,24, 9999.9, 0, 9999.9, 0,   3.5,24,   4.9,24,   7.0, 999.9,   87.8*,  62.6*, 0.00I,999.9, 000000,
431285,99999, 20200229,   77.5,24,   65.4,24, 9999.9, 0, 9999.9, 0,   3.5,24,   5.2,24,   7.0, 999.9,   89.6*,  68.0*, 0.00I,999.9, 000000,
431285,99999, 20200301,   77.5,24,   62.5,24, 9999.9, 0, 9999.9, 0,   3.2,24,   4.9,24,   8.9, 999.9,   89.6*,  64.4*,99.99 ,999.9, 010000,
431285,99999, 20200302,   78.9,24,   63.3,24, 9999.9, 0, 9999.9, 0,   3.3,24,   4.4,24,   7.0, 999.9,   89.6*,  68.0*, 0.00I,999.9, 000000,
431285,99999, 20200303,   80.0,24,   66.4,24, 9999.9, 0, 9999.9, 0,   3.6,24,   4.0,24,   8.0, 999.9,   93.2*,  66.2*, 0.00I,999.9, 000000,
431285,99999, 20200304,   81.7,24,   60.4,24, 9999.9, 0, 9999.9, 0,   3.6,24,   4.9,24,   8.9, 999.9,   93.2*,  69.8*, 0.00I,999.9, 000000,
431285,99999, 20200305,   80.5,24,   61.3,24, 9999.9, 0, 9999.9, 0,   3.5,24,   4.3,24,   7.0, 999.9,   93.2*,  68.0*, 0.00I,999.9, 000000,
431285,99999, 20200306,   79.8,24,   67.8,24, 9999.9, 0, 9999.9, 0,   2.8,24,   4.5,24,   6.0, 999.9,   91.4*,  69.8*, 0.00I,999.9, 000000,
431285,99999, 20200307,   79.0,24,   72.2,24, 9999.9, 0, 9999.9, 0,   3.1,24,   4.4,24,   7.0, 999.9,   89.6*,  71.6*, 0.00I,999.9, 000000,
431285,99999, 20200308,   78.3,24,   71.5,24, 9999.9, 0, 9999.9, 0,   3.2,24,   5.5,24,   9.9, 999.9,   89.6*,  69.8*, 0.00I,999.9, 000000,
431285,99999, 20200309,   77.5,24,   71.4,24, 9999.9, 0, 9999.9, 0,   3.0,24,   5.3,24,   9.9, 999.9,   86.0*,  69.8*,99.99 ,999.9, 010000,
431285,99999, 20200310,   81.3,24,   70.9,24, 9999.9, 0, 9999.9, 0,   3.5,24,   4.7,24,   6.0, 999.9,   93.2*,  69.8*, 0.00I,999.9, 000000,
431285,99999, 20200311,   78.7,20,   71.5,20, 9999.9, 0, 9999.9, 0,   3.4,20,   3.4,20,   7.0, 999.9,   91.4*,  69.8*, 0.00I,999.9, 000000,
431285,99999, 20200312,   80.9,24,   70.8,24, 9999.9, 0, 9999.9, 0,   3.5,24,   4.8,24,   8.9, 999.9,   91.4*,  69.8*, 0.00I,999.9, 000000,
431285,99999, 20200313,   80.4,22,   67.7,22, 9999.9, 0, 9999.9, 0,   3.5,22,   4.9,22,   7.0, 999.9,   95.0*,  69.8*, 0.00I,999.9, 000000,
431285,99999, 20200314,   77.5,18,   69.0,18, 9999.9, 0, 9999.9, 0,   3.1,18,   4.5,18,   8.0, 999.9,   89.6*,  68.0*, 0.00I,999.9, 000000,
431285,99999, 20200315,   79.9,24,   64.7,24, 9999.9, 0, 9999.9, 0,   3.7,24,   5.7,24,   9.9, 999.9,   91.4*,  66.2*, 0.00I,999.9, 000000,
431285,99999, 20200316,   80.7,24,   67.5,24, 9999.9, 0, 9999.9, 0,   3.4,24,   5.5,24,   7.0, 999.9,   93.2*,  68.0*, 0.00I,999.9, 000000,
431285,99999, 20200317,   83.0,24,   61.8,24, 9999.9, 0, 9999.9, 0,   3.6,24,   5.9,24,   9.9, 999.9,   95.0*,  66.2*, 0.00I,999.9, 000000,
431285,99999, 20200318,   83.5,24,   61.4,24, 9999.9, 0, 9999.9, 0,   3.7,24,   4.6,24,   8.0, 999.9,   95.0*,  66.2*, 0.00I,999.9, 000000,
431285,99999, 20200319,   81.6,24,   66.7,24, 9999.9, 0, 9999.9, 0,   3.4,24,   4.7,24,   8.9, 999.9,   96.8*,  71.6*, 0.00I,999.9, 000010,
431285,99999, 20200320,   80.7,24,   65.4,24, 9999.9, 0, 9999.9, 0,   3.6,24,   5.4,24,   8.9, 999.9,   98.6*,  68.0*, 0.00I,999.9, 000000,
431285,99999, 20200321,   81.6,24,   64.5,24, 9999.9, 0, 9999.9, 0,   3.4,24,   3.7,24,   8.0, 999.9,   95.0*,  68.0*, 0.00I,999.9, 000000,
431285,99999, 20200322,   81.7,24,   64.9,24, 9999.9, 0, 9999.9, 0,   3.4,24,   4.3,24,   8.0, 999.9,   95.0*,  68.0*, 0.00I,999.9, 000000,
431285,99999, 20200323,   82.2,24,   68.7,24, 9999.9, 0, 9999.9, 0,   3.5,24,   5.1,24,   7.0, 999.9,   93.2*,  71.6*, 0.00I,999.9, 000000,
431285,99999, 20200324,   83.0,23,   66.0,23, 9999.9, 0, 9999.9, 0,   3.6,23,   5.7,23,   8.9, 999.9,   95.0*,  69.8*, 0.00I,999.9, 000000,
431285,99999, 20200325,   85.9,17,   63.8,17, 9999.9, 0, 9999.9, 0,   3.7,17,   4.9,17,   6.0, 999.9,   95.0*,  71.6*, 0.00I,999.9, 000000,
431285,99999, 20200326,   82.8,24,   65.1,24, 9999.9, 0, 9999.9, 0,   3.7,24,   4.8,24,   7.0, 999.9,   95.0*,  71.6*, 0.00I,999.9, 000000,
431285,99999, 20200327,   84.8,24,   61.2,24, 9999.9, 0, 9999.9, 0,   3.7,24,   5.0,24,   8.0, 999.9,   96.8*,  71.6*, 0.00I,999.9, 000000,
431285,99999, 20200328,   87.0,20,   60.1,20, 9999.9, 0, 9999.9, 0,   3.7,20,   5.3,20,   8.0, 999.9,   96.8*,  73.4*, 0.00I,999.9, 000000,
431285,99999, 20200329,   87.1,22,   61.1,22, 9999.9, 0, 9999.9, 0,   3.7,22,   4.7,22,   5.1, 999.9,   98.6*,  75.2*, 0.00I,999.9, 000000,
431285,99999, 20200330,   84.6,24,   63.2,24, 9999.9, 0, 9999.9, 0,   3.7,24,   4.6,24,   5.1, 999.9,   95.0*,  73.4*, 0.00I,999.9, 000000,
431285,99999, 20200331,   88.0,18,   66.3,18, 9999.9, 0, 9999.9, 0,   3.7,18,   4.5,18,   6.0, 999.9,   96.8*,  75.2*, 0.00I,999.9, 000000,
431285,99999, 20200401,   87.6,22,   63.2,22, 9999.9, 0, 9999.9, 0,   3.7,22,   4.8,22,   5.1, 999.9,   96.8*,  75.2*, 0.00I,999.9, 000000,
431285,99999, 20200402,   90.1,19,   65.0,19, 9999.9, 0, 9999.9, 0,   3.7,19,   4.8,19,   6.0, 999.9,   98.6*,  77.0*, 0.00I,999.9, 000000,
431285,99999, 20200403,   85.2,21,   65.4,21, 9999.9, 0, 9999.9, 0,   3.7,21,   5.1,21,   6.0, 999.9,   95.0*,  77.0*, 0.00I,999.9, 000000,
431285,99999, 20200404,   83.1,22,   63.4,22, 9999.9, 0, 9999.9, 0,   3.4,22,   4.7,22,   6.0, 999.9,   91.4*,  77.0*, 0.00I,999.9, 000000,
431285,99999, 20200405,   85.4,12,   67.1,12, 9999.9, 0, 9999.9, 0,   3.6,12,   4.8,12,   6.0, 999.9,   95.0*,  73.4*, 0.00I,999.9, 000000,
431285,99999, 20200406,   83.7,17,   68.8,17, 9999.9, 0, 9999.9, 0,   3.3,17,   4.6,17,   7.0, 999.9,   93.2*,  75.2*,99.99 ,999.9, 010000,
431285,99999, 20200407,   83.8,17,   69.0,17, 9999.9, 0, 9999.9, 0,   3.2,17,   4.9,17,  14.0, 999.9,   96.8*,  77.0*,99.99 ,999.9, 010010,
