STN---,WBAN , YEARMODA,   TEMP,  ,   DEWP,  ,  SLP  ,  ,  STP  ,  , VISIB,  ,  WDSP,  , MXSPD,  GUST,   MAX  ,  MIN  ,PRCP  ,SNDP , FRSHTT,
422200,99999, 20200101,   66.6, 5,   45.2, 5, 1021.8, 5, 9999.9, 0,   2.0, 5,  12.0, 5,  20.0, 999.9,   72.7*,  55.9 , 0.00I,999.9, 000000,
422200,99999, 20200102,   64.3, 5,   50.8, 5, 1022.5, 5, 9999.9, 0,   1.7, 5,  13.6, 5,  18.1, 999.9,   68.7 ,  60.8 , 0.02A,999.9, 010000,
422200,99999, 20200103,   63.3, 5,   52.7, 5, 1018.7, 5, 9999.9, 0,   1.6, 5,  14.4, 5,  22.0, 999.9,   68.7*,  58.8 ,99.99 ,999.9, 010000,
422200,99999, 20200104,   62.0, 5,   59.5, 5, 1016.3, 5, 9999.9, 0,   0.7, 5,   2.0, 5,   4.1, 999.9,   66.4 ,  57.7 , 0.16G,999.9, 010000,
422200,99999, 20200105,   59.1, 5,   57.7, 5, 1015.1, 5, 9999.9, 0,   0.9, 5,   0.8, 5,   4.1, 999.9,   61.2*,  55.8*, 0.47G,999.9, 010010,
422200,99999, 20200106,   62.5, 5,   53.9, 5, 1020.2, 5, 9999.9, 0,   2.2, 5,   3.2, 5,   9.9, 999.9,   68.7*,  52.0 , 1.18G,999.9, 000000,
422200,99999, 20200107,   63.8, 5,   52.2, 5, 1015.8, 5, 9999.9, 0,   2.0, 5,   6.0, 5,  12.0, 999.9,   69.8*,  55.4 , 0.00G,999.9, 000000,
422200,99999, 20200108,   63.7, 5,   52.2, 5, 1016.4, 5, 9999.9, 0,   2.2, 5,   7.0, 5,  15.0, 999.9,   70.9*,  55.4 , 0.00I,999.9, 000000,
422200,99999, 20200109,   61.4, 5,   53.9, 5, 1016.0, 5, 9999.9, 0,   1.2, 5,   8.4, 5,  18.1, 999.9,   62.2*,  60.1 , 0.04A,999.9, 010000,
422200,99999, 20200110,   63.8, 5,   52.4, 5, 1016.5, 5, 9999.9, 0,   2.2, 5,   7.8, 5,  15.0, 999.9,   68.7*,  56.3 , 0.00I,999.9, 000000,
422200,99999, 20200111,   64.9, 5,   52.3, 5, 1016.5, 5, 9999.9, 0,   2.2, 5,   7.8, 5,  19.0, 999.9,   74.1 ,  55.6 , 0.00I,999.9, 000000,
422200,99999, 20200112,   65.2, 5,   50.9, 5, 1014.2, 5, 9999.9, 0,   2.2, 5,   7.2, 5,  18.1, 999.9,   74.8*,  55.0 , 0.00I,999.9, 000000,
422200,99999, 20200113,   65.3, 5,   48.9, 5, 1012.3, 5, 9999.9, 0,   2.2, 5,  10.0, 5,  20.0, 999.9,   75.2*,  54.1 , 0.00I,999.9, 000000,
422200,99999, 20200114,   65.9, 5,   50.8, 5, 1013.1, 5, 9999.9, 0,   2.2, 5,   8.0, 5,  18.1, 999.9,   75.2*,  56.3 , 0.00I,999.9, 000000,
422200,99999, 20200115,   67.1, 5,   53.7, 5, 1015.1, 5, 9999.9, 0,   2.2, 5,   7.0, 5,  15.0, 999.9,   75.9*,  58.1 , 0.00G,999.9, 010000,
422200,99999, 20200116,   66.9, 5,   54.9, 5, 1015.6, 5, 9999.9, 0,   2.2, 5,   6.4, 5,  18.1, 999.9,   75.9*,  57.6 , 0.00I,999.9, 000000,
422200,99999, 20200117,   69.1, 5,   55.3, 5, 1016.8, 5, 9999.9, 0,   2.2, 5,   6.8, 5,   8.0, 999.9,   75.9*,  60.8 , 0.00I,999.9, 000000,
422200,99999, 20200118,   66.7, 5,   55.0, 5, 1015.8, 5, 9999.9, 0,   2.0, 5,   8.5, 5,  15.0, 999.9,   70.2*,  61.7 , 0.00I,999.9, 000000,
422200,99999, 20200119,   63.5, 5,   57.7, 5, 1015.1, 5, 9999.9, 0,   1.6, 5,   5.2, 5,   8.0, 999.9,   67.3*,  59.7 , 0.03G,999.9, 000000,
422200,99999, 20200120,   61.3, 5,   58.8, 5, 1016.8, 5, 9999.9, 0,   0.6, 5,   2.4, 5,   4.1, 999.9,   64.4*,  57.6 , 0.71G,999.9, 010010,
422200,99999, 20200121,   61.4, 5,   54.6, 5, 1019.0, 5, 9999.9, 0,   1.1, 5,   2.8, 5,   8.0, 999.9,   66.9*,  55.8 , 0.28G,999.9, 010000,
422200,99999, 20200122,   63.0, 5,   53.3, 5, 1018.0, 5, 9999.9, 0,   1.7, 5,   5.2, 5,   9.9, 999.9,   66.6*,  58.6 , 0.00G,999.9, 000000,
422200,99999, 20200123,   59.8, 5,   49.9, 5, 1015.8, 5, 9999.9, 0,   1.2, 5,  10.8, 5,  12.0, 999.9,   61.2*,  57.9 , 0.00B,999.9, 010000,
422200,99999, 20200124,   61.1, 5,   52.2, 5, 1017.0, 5, 9999.9, 0,   1.5, 5,   1.2, 5,   4.1, 999.9,   67.6*,  52.0 , 0.00G,999.9, 000000,
422200,99999, 20200125,   61.4, 5,   51.1, 5, 1016.3, 5, 9999.9, 0,   2.0, 5,   3.0, 5,   6.0, 999.9,   69.1*,  49.8 , 0.00I,999.9, 000000,
422200,99999, 20200126,   64.5, 5,   48.8, 5, 1012.3, 5, 9999.9, 0,   2.0, 5,   9.2, 5,  15.9, 999.9,   75.2*,  53.2 , 0.00I,999.9, 000000,
422200,99999, 20200127,   62.6, 5,   48.5, 5, 1012.3, 5, 9999.9, 0,   2.0, 5,   7.6, 5,  15.0, 999.9,   72.7 ,  52.2 , 0.00I,999.9, 000000,
422200,99999, 20200128,   63.8, 5,   50.6, 5, 1014.0, 5, 9999.9, 0,   2.0, 5,   7.0, 5,  14.0, 999.9,   73.4*,  52.9 , 0.00I,999.9, 000000,
422200,99999, 20200129,   65.0, 5,   51.9, 5, 1016.7, 5, 9999.9, 0,   2.0, 5,   4.2, 5,   6.0, 999.9,   73.8*,  52.5 , 0.00I,999.9, 000000,
422200,99999, 20200130,   60.6, 5,   51.5, 5, 1015.2, 5, 9999.9, 0,   1.4, 5,   9.4, 5,  13.0, 999.9,   62.6*,  58.8 , 0.00G,999.9, 010000,
422200,99999, 20200131,   60.8, 5,   54.3, 5, 1015.5, 5, 9999.9, 0,   1.1, 5,   4.0, 5,   8.0, 999.9,   65.1*,  55.4 , 0.12G,999.9, 010000,
422200,99999, 20200201,   64.4, 5,   51.7, 5, 1015.9, 5, 9999.9, 0,   1.2, 5,  11.8, 5,  15.0, 999.9,   68.7*,  58.6 , 0.00G,999.9, 010000,
422200,99999, 20200202,   61.3, 5,   50.4, 5, 1017.0, 5, 9999.9, 0,   1.1, 5,  10.8, 5,  14.0, 999.9,   63.3*,  55.6 , 0.03G,999.9, 000000,
422200,99999, 20200203,   63.6, 5,   50.0, 5, 1018.3, 5, 9999.9, 0,   1.5, 5,   5.2, 5,   9.9, 999.9,   71.2*,  53.4 , 0.00G,999.9, 000000,
422200,99999, 20200204,   64.8, 5,   51.8, 5, 1016.2, 5, 9999.9, 0,   2.0, 5,   5.4, 5,  14.0, 999.9,   72.3*,  53.6 , 0.00I,999.9, 000000,
422200,99999, 20200205,   63.5, 5,   52.4, 5, 1013.8, 5, 9999.9, 0,   1.7, 5,   6.8, 5,  15.0, 999.9,   68.7*,  56.5 , 0.03G,999.9, 000000,
422200,99999, 20200206,   64.9, 5,   50.0, 5, 1016.6, 5, 9999.9, 0,   2.0, 5,   7.6, 5,  18.1, 999.9,   71.2*,  55.6 , 0.00G,999.9, 000000,
422200,99999, 20200207,   67.4, 5,   52.8, 5, 1017.5, 5, 9999.9, 0,   2.0, 5,   7.8, 5,  14.0, 999.9,   75.9*,  57.2 , 0.00G,999.9, 000000,
422200,99999, 20200208,   69.2, 5,   51.0, 5, 1018.0, 5, 9999.9, 0,   2.0, 5,   7.4, 5,  15.0, 999.9,   78.8*,  58.6 , 0.00I,999.9, 000000,
422200,99999, 20200209,   66.5, 5,   51.0, 5, 1018.7, 5, 9999.9, 0,   2.0, 5,  11.2, 5,  14.0, 999.9,   71.6*,  60.8 ,99.99 ,999.9, 010000,
422200,99999, 20200210,   68.8, 5,   55.1, 5, 1016.7, 5, 9999.9, 0,   2.2, 5,   8.2, 5,  15.9, 999.9,   77.4*,  58.3 , 0.03G,999.9, 000000,
422200,99999, 20200211,   69.5, 5,   54.4, 5, 1016.8, 5, 9999.9, 0,   2.0, 5,   7.6, 5,  14.0, 999.9,   79.2*,  58.1 , 0.00G,999.9, 000000,
422200,99999, 20200212,   69.1, 5,   54.3, 5, 1015.6, 4, 9999.9, 0,   2.2, 5,   6.2, 5,  14.0, 999.9,   77.7*,  59.4 , 0.00I,999.9, 000000,
422200,99999, 20200213,   71.0, 5,   56.9, 5, 1012.8, 5, 9999.9, 0,   2.2, 5,   7.8, 5,  15.0, 999.9,   79.2*,  59.2 , 0.00I,999.9, 000000,
422200,99999, 20200214,   70.3, 5,   57.0, 5, 1009.2, 5, 9999.9, 0,   1.7, 5,   4.4, 5,   9.9, 999.9,   76.3*,  60.4 , 0.00I,999.9, 000000,
422200,99999, 20200215,   68.8, 5,   60.8, 5, 1013.1, 5, 9999.9, 0,   1.2, 5,   1.4, 5,   5.1, 999.9,   74.8*,  62.2 , 0.00I,999.9, 000000,
422200,99999, 20200216,   71.7, 5,   60.9, 5, 1014.8, 5, 9999.9, 0,   1.2, 5,   5.2, 5,  12.0, 999.9,   77.7*,  61.5 , 0.00I,999.9, 000000,
422200,99999, 20200217,   68.4, 5,   60.8, 5, 1015.3, 5, 9999.9, 0,   1.2, 5,   4.4, 5,   9.9, 999.9,   73.4*,  63.3 ,99.99 ,999.9, 010000,
422200,99999, 20200218,   63.7, 5,   60.9, 5, 1015.2, 5, 9999.9, 0,   0.6, 5,   4.2, 5,  12.0, 999.9,   66.6*,  62.2 , 0.12G,999.9, 010000,
422200,99999, 20200219,   67.1, 5,   57.2, 5, 1016.5, 5, 9999.9, 0,   1.2, 5,   9.4, 5,  15.0, 999.9,   71.2*,  60.4 , 0.24G,999.9, 010000,
422200,99999, 20200220,   66.5, 5,   56.0, 5, 1018.3, 5, 9999.9, 0,   1.2, 5,   9.6, 5,  12.0, 999.9,   69.8*,  62.6 , 0.03G,999.9, 010000,
422200,99999, 20200221,   73.3, 5,   57.3, 5, 1019.7, 5, 9999.9, 0,   2.2, 5,   7.6, 5,  14.0, 999.9,   81.3*,  62.8 , 0.00G,999.9, 000000,
422200,99999, 20200222,   73.3, 5,   57.6, 5, 1019.2, 5, 9999.9, 0,   2.2, 5,   9.4, 5,  15.9, 999.9,   81.3*,  62.2 , 0.00I,999.9, 000000,
422200,99999, 20200223,   75.3, 5,   56.1, 5, 1017.2, 5, 9999.9, 0,   2.5, 5,   8.8, 5,  18.1, 999.9,   81.3*,  66.9 , 0.00I,999.9, 000000,
422200,99999, 20200224,   73.4, 5,   61.4, 5, 1014.8, 5, 9999.9, 0,   2.5, 5,   6.8, 5,  14.0, 999.9,   79.9*,  62.8 , 0.00I,999.9, 000000,
422200,99999, 20200225,   74.6, 5,   56.9, 5, 1014.2, 5, 9999.9, 0,   2.5, 5,   9.4, 5,  15.9, 999.9,   80.6*,  64.2 , 0.00G,999.9, 000000,
422200,99999, 20200226,   68.0, 5,   58.3, 5, 1016.2, 5, 9999.9, 0,   2.0, 5,   9.2, 5,  14.0, 999.9,   73.8*,  61.2 , 0.20G,999.9, 010000,
422200,99999, 20200227,   66.2, 5,   59.1, 5, 1016.2, 5, 9999.9, 0,   2.1, 5,   4.0, 5,   8.0, 999.9,   72.7*,  58.5 , 0.94G,999.9, 010000,
422200,99999, 20200228,   70.7, 5,   58.3, 5, 1014.7, 5, 9999.9, 0,   2.5, 5,   5.2, 5,   9.9, 999.9,   78.4*,  59.4 , 0.00G,999.9, 000000,
422200,99999, 20200229,   73.3, 5,   59.3, 5, 1012.4, 5, 9999.9, 0,   2.5, 5,   5.6, 5,  12.0, 999.9,   83.1*,  60.3 , 0.00I,999.9, 000000,
422200,99999, 20200301,   75.3, 5,   59.4, 5, 1012.3, 5, 9999.9, 0,   2.2, 5,   5.8, 5,  14.0, 999.9,   85.3 ,  63.1 , 0.00I,999.9, 000000,
422200,99999, 20200302,   69.4, 5,   56.9, 5, 1012.2, 5, 9999.9, 0,   1.2, 5,   8.8, 5,  13.0, 999.9,   70.9*,  65.8 , 0.04A,999.9, 010000,
422200,99999, 20200303,   67.1, 5,   57.5, 5, 1013.1, 5, 9999.9, 0,   1.5, 5,   7.2, 5,  12.0, 999.9,   74.1*,  59.4 , 0.47G,999.9, 000000,
422200,99999, 20200304,   66.2, 5,   56.7, 5, 1014.8, 5, 9999.9, 0,   1.2, 5,   8.0, 5,  12.0, 999.9,   70.2*,  61.7 , 0.00G,999.9, 010000,
422200,99999, 20200305,   69.1, 5,   59.3, 5, 1013.7, 5, 9999.9, 0,   1.1, 5,   6.4, 5,  14.0, 999.9,   76.3 ,  62.2 , 0.01G,999.9, 010000,
422200,99999, 20200306,   72.8, 5,   57.9, 5, 1014.2, 5, 9999.9, 0,   1.2, 5,   6.1, 5,  12.0, 999.9,   79.9*,  62.6 , 0.00G,999.9, 000000,
422200,99999, 20200307,   67.9, 5,   57.1, 5, 1015.6, 5, 9999.9, 0,   1.2, 5,   8.8, 5,  12.0, 999.9,   71.6*,  62.1 , 0.00G,999.9, 000000,
422200,99999, 20200308,   63.0, 5,   61.4, 5, 1013.5, 5, 9999.9, 0,   0.7, 5,   0.0, 5, 999.9, 999.9,   64.0*,  61.5 , 0.08G,999.9, 010000,
422200,99999, 20200309,   71.4, 5,   61.3, 5, 1011.8, 5, 9999.9, 0,   2.0, 5,   1.2, 5,   4.1, 999.9,   77.4*,  61.3 , 0.12G,999.9, 000000,
422200,99999, 20200310,   74.0, 5,   59.1, 5, 1011.6, 5, 9999.9, 0,   2.0, 5,   5.6, 5,   8.0, 999.9,   82.8 ,  61.5 , 0.00G,999.9, 000000,
422200,99999, 20200311,   66.3, 5,   59.6, 5, 1012.7, 5, 9999.9, 0,   1.2, 5,   6.6, 5,  13.0, 999.9,   68.0*,  63.7 , 0.04G,999.9, 010000,
422200,99999, 20200312,   68.9, 5,   57.8, 5, 1015.6, 5, 9999.9, 0,   1.2, 5,   6.8, 5,   9.9, 999.9,   74.1*,  62.2 , 0.12G,999.9, 010000,
422200,99999, 20200313,   76.3, 5,   62.9, 5, 1015.5, 5, 9999.9, 0,   1.7, 5,   5.2, 5,  14.0, 999.9,   85.1*,  64.2 , 0.00G,999.9, 000000,
422200,99999, 20200314,   78.7, 5,   63.0, 5, 1012.9, 5, 9999.9, 0,   2.0, 5,   2.8, 5,   8.0, 999.9,   86.9*,  66.9 , 0.00I,999.9, 000000,
422200,99999, 20200315,   75.5, 5,   66.5, 5, 1013.2, 5, 9999.9, 0,   1.7, 5,   0.8, 5,   1.9, 999.9,   81.7*,  67.3 , 0.04G,999.9, 010000,
422200,99999, 20200316,   74.3, 5,   62.4, 5, 1012.8, 5, 9999.9, 0,   1.7, 5,   5.4, 5,  13.0, 999.9,   84.2 ,  67.6 , 0.00G,999.9, 000010,
422200,99999, 20200317,   75.3, 5,   57.0, 5, 1014.1, 5, 9999.9, 0,   2.2, 5,   6.0, 5,  12.0, 999.9,   84.6*,  62.6 , 0.12G,999.9, 000000,
422200,99999, 20200318,   77.4, 5,   60.8, 5, 1012.0, 5, 9999.9, 0,   2.0, 5,   4.8, 5,   8.0, 999.9,   84.6*,  67.1 , 0.00G,999.9, 000000,
422200,99999, 20200319,   71.3, 5,   56.9, 5, 1012.3, 5, 9999.9, 0,   1.2, 5,  10.6, 5,  13.0, 999.9,   73.8*,  65.8 , 0.00A,999.9, 000000,
422200,99999, 20200320,   73.1, 5,   54.8, 5, 1011.9, 5, 9999.9, 0,   1.1, 5,  14.4, 5,  18.1, 999.9,   79.2*,  67.5 , 0.00G,999.9, 010000,
422200,99999, 20200321,   71.9, 5,   55.2, 5, 1013.1, 5, 9999.9, 0,   1.2, 5,   7.8, 5,   9.9, 999.9,   78.1*,  59.4 , 0.16G,999.9, 010000,
422200,99999, 20200322,   76.6, 5,   58.5, 5, 1012.8, 5, 9999.9, 0,   2.0, 5,   6.0, 5,   9.9, 999.9,   84.9*,  64.2 , 0.00G,999.9, 000000,
422200,99999, 20200323,   75.1, 5,   61.5, 5, 1011.8, 5, 9999.9, 0,   1.2, 5,   1.6, 5,   1.9, 999.9,   83.1*,  63.5 , 0.00I,999.9, 000000,
422200,99999, 20200324,   77.4, 5,   62.7, 5, 1010.3, 5, 9999.9, 0,   1.7, 5,   2.0, 5,   4.1, 999.9,   84.2*,  66.2 , 0.00I,999.9, 000000,
422200,99999, 20200325,   79.4, 5,   61.9, 5, 1008.7, 5, 9999.9, 0,   2.0, 5,   3.7, 5,   6.0, 999.9,   87.1*,  64.8 , 0.00I,999.9, 000000,
422200,99999, 20200327,   81.1, 4,   64.7, 4, 1010.1, 4, 9999.9, 0,   1.9, 4,   2.5, 4,   4.1, 999.9,   90.0*,  68.7 , 0.00I,999.9, 000000,
422200,99999, 20200328,   72.9, 5,   66.5, 5, 1008.4, 5, 9999.9, 0,   0.7, 5,   3.8, 5,   8.9, 999.9,   78.8*,  68.0*, 0.04A,999.9, 010000,
422200,99999, 20200329,   73.9, 4,   67.6, 4, 1007.9, 4, 9999.9, 0,   0.6, 4,   4.3, 4,  12.0, 999.9,   79.5*,  67.6 , 1.30G,999.9, 000000,
422200,99999, 20200330,   75.3, 5,   62.1, 5, 1009.6, 5, 9999.9, 0,   1.0, 5,   6.4, 5,  13.0, 999.9,   82.4*,  67.8 , 0.00G,999.9, 000000,
422200,99999, 20200331,   78.6, 5,   62.6, 5, 1010.0, 5, 9999.9, 0,   2.0, 5,   9.6, 5,  15.9, 999.9,   87.1*,  66.7 , 0.00I,999.9, 000000,
422200,99999, 20200401,   77.8, 5,   63.1, 5, 1008.6, 5, 9999.9, 0,   1.2, 5,   7.8, 5,  14.0, 999.9,   83.8*,  70.3 , 0.00I,999.9, 000000,
422200,99999, 20200402,   66.6, 5,   60.4, 5, 1010.8, 5, 9999.9, 0,   0.6, 5,  10.0, 5,  17.1, 999.9,   68.0*,  64.4 , 0.83G,999.9, 010010,
422200,99999, 20200403,   73.0, 5,   60.5, 5, 1011.1, 5, 9999.9, 0,   1.2, 5,   5.2, 5,  12.0, 999.9,   79.5*,  64.9 , 0.47G,999.9, 000000,
422200,99999, 20200404,   69.5, 5,   57.8, 5, 1013.7, 5, 9999.9, 0,   1.2, 5,  10.6, 5,  17.1, 999.9,   71.2*,  63.0 , 0.12G,999.9, 010000,
422200,99999, 20200405,   72.8, 5,   56.0, 5, 1012.7, 5, 9999.9, 0,   1.5, 5,  13.6, 5,  15.9, 999.9,   77.0*,  65.5 , 0.00G,999.9, 000000,
422200,99999, 20200406,   77.4, 5,   58.3, 5, 1011.0, 5, 9999.9, 0,   2.0, 5,   6.0, 5,  14.0, 999.9,   85.3*,  66.2 , 0.00I,999.9, 000000,
422200,99999, 20200407,   71.0, 5,   59.3, 5, 1010.5, 5, 9999.9, 0,   1.2, 5,   8.6, 5,  12.0, 999.9,   73.0 ,  68.7 , 0.00A,999.9, 010000,
