STN---,WBAN , YEARMODA,   TEMP,  ,   DEWP,  ,  SLP  ,  ,  STP  ,  , VISIB,  ,  WDSP,  , MXSPD,  GUST,   MAX  ,  MIN  ,PRCP  ,SNDP , FRSHTT,
423480,99999, 20200101,   54.9,24,   43.9,24, 9999.9, 0, 9999.9, 0,   1.1,24,   7.4,24,  12.0, 999.9,   64.4*,  42.8 , 0.00I,999.9, 000000,
423480,99999, 20200102,   59.4,24,   45.8,24, 9999.9, 0, 9999.9, 0,   1.3,24,   5.1,24,  11.1, 999.9,   68.0*,  50.9 , 0.00I,999.9, 000000,
423480,99999, 20200103,   61.0,24,   48.9,24, 9999.9, 0, 9999.9, 0,   1.5,22,   2.5,23,   6.0, 999.9,   71.6*,  50.0 , 0.00I,999.9, 000000,
423480,99999, 20200104,   59.6,24,   52.1,24, 9999.9, 0, 9999.9, 0,   1.3,24,   1.9,24,   6.0, 999.9,   72.5 ,  49.3 , 0.00I,999.9, 000000,
423480,99999, 20200105,   59.6,24,   51.3,24, 9999.9, 0, 9999.9, 0,   1.2,24,   2.4,24,   6.0, 999.9,   69.8 ,  48.2 , 0.00I,999.9, 100000,
423480,99999, 20200106,   61.8,24,   49.5,24, 9999.9, 0, 9999.9, 0,   1.3,24,   4.5,24,   8.9, 999.9,   71.8 ,  49.6 , 0.00I,999.9, 000000,
423480,99999, 20200107,   63.5,24,   50.8,24, 9999.9, 0, 9999.9, 0,   1.5,24,   5.5,24,   8.9, 999.9,   73.9 ,  55.0 , 0.00I,999.9, 000000,
423480,99999, 20200108,   56.4,24,   49.4,24, 9999.9, 0, 9999.9, 0,   1.2,24,   4.3,24,   9.9, 999.9,   73.9 ,  46.4*, 0.00I,999.9, 000000,
423480,99999, 20200109,   54.7,24,   35.4,24, 9999.9, 0, 9999.9, 0,   1.5,24,   3.3,24,   8.0, 999.9,   64.4*,  42.8 , 0.00I,999.9, 000000,
423480,99999, 20200110,   54.8,24,   37.2,24, 9999.9, 0, 9999.9, 0,   1.3,23,   1.4,24,   5.1, 999.9,   66.2*,  41.4 , 0.00I,999.9, 000000,
423480,99999, 20200111,   57.2,24,   38.5,24, 9999.9, 0, 9999.9, 0,   1.6,24,   1.7,24,   5.1, 999.9,   69.8 ,  43.9 , 0.00I,999.9, 000000,
423480,99999, 20200112,   60.7,24,   42.0,24, 9999.9, 0, 9999.9, 0,   1.9,24,   2.5,24,   7.0, 999.9,   71.6*,  43.9 , 0.00I,999.9, 000000,
423480,99999, 20200113,   61.4,24,   48.6,24, 9999.9, 0, 9999.9, 0,   1.4,24,   5.4,22,  14.0,  18.1,   75.9*,  51.8*, 0.00I,999.9, 000000,
423480,99999, 20200114,   59.4,24,   47.1,24, 9999.9, 0, 9999.9, 0,   1.5,24,   3.4,24,   7.0, 999.9,   76.5 ,  50.4 , 0.00I,999.9, 000000,
423480,99999, 20200115,   59.8,24,   47.8,24, 9999.9, 0, 9999.9, 0,   1.4,24,   5.5,24,   8.9, 999.9,   71.6 ,  50.5 , 0.00I,999.9, 000000,
423480,99999, 20200116,   58.0,24,   46.5,24, 9999.9, 0, 9999.9, 0,   1.5,24,   3.8,24,   8.9, 999.9,   68.5 ,  50.0*, 0.00I,999.9, 000000,
423480,99999, 20200117,   58.5,24,   50.0,24, 9999.9, 0, 9999.9, 0,   1.4,24,   2.2,24,   6.0, 999.9,   66.2*,  48.4 , 0.00I,999.9, 000000,
423480,99999, 20200118,   58.7,24,   49.8,24, 9999.9, 0, 9999.9, 0,   1.4,24,   3.5,24,   6.0, 999.9,   68.0*,  49.3 , 0.00I,999.9, 100000,
423480,99999, 20200119,   57.3,24,   40.4,24, 9999.9, 0, 9999.9, 0,   1.4,24,   2.5,24,   5.1, 999.9,   69.1 ,  46.4*, 0.00I,999.9, 000000,
423480,99999, 20200120,   56.6,24,   41.1,24, 9999.9, 0, 9999.9, 0,   1.5,24,   2.7,24,   5.1, 999.9,   68.9 ,  44.6 , 0.00I,999.9, 000000,
423480,99999, 20200121,   59.5,24,   49.7,24, 9999.9, 0, 9999.9, 0,   1.4,24,   5.6,24,   8.9, 999.9,   69.8*,  49.5 , 0.00I,999.9, 000000,
423480,99999, 20200122,   61.7,24,   44.7,24, 9999.9, 0, 9999.9, 0,   1.4,24,   3.4,24,   8.0, 999.9,   72.0*,  50.7 , 0.00I,999.9, 000000,
423480,99999, 20200123,   59.6,24,   36.0,24, 9999.9, 0, 9999.9, 0,   1.6,24,   3.1,24,   8.9, 999.9,   72.7*,  45.3 , 0.00I,999.9, 000000,
423480,99999, 20200124,   59.9,24,   31.5,24, 9999.9, 0, 9999.9, 0,   1.7,24,   3.5,24,   8.0, 999.9,   71.6*,  45.3 , 0.00I,999.9, 000000,
423480,99999, 20200125,   62.3,22,   33.6,22, 9999.9, 0, 9999.9, 0,   1.8,22,   1.8,22,   5.1, 999.9,   75.2*,  45.7 , 0.00I,999.9, 000000,
423480,99999, 20200126,   64.4,24,   41.5,24, 9999.9, 0, 9999.9, 0,   1.6,24,   2.8,24,   6.0, 999.9,   77.0*,  49.3 , 0.00I,999.9, 000000,
423480,99999, 20200127,   65.6,24,   49.5,24, 9999.9, 0, 9999.9, 0,   1.6,24,   5.1,24,   8.0, 999.9,   78.8 ,  53.6*, 0.00I,999.9, 000000,
423480,99999, 20200128,   64.2,24,   46.9,24, 9999.9, 0, 9999.9, 0,   1.3,24,   5.0,24,   9.9,  18.1,   78.1 ,  55.2 , 0.00I,999.9, 100000,
423480,99999, 20200129,   61.8,24,   37.0,24, 9999.9, 0, 9999.9, 0,   1.8,24,   3.5,24,   7.0, 999.9,   75.2 ,  50.2 , 0.00I,999.9, 000000,
423480,99999, 20200130,   59.9,24,   36.4,24, 9999.9, 0, 9999.9, 0,   1.8,24,   2.7,24,   9.9, 999.9,   72.1 ,  48.4 , 0.00I,999.9, 000000,
423480,99999, 20200131,   59.5,24,   40.7,24, 9999.9, 0, 9999.9, 0,   1.6,24,   2.8,24,   7.0, 999.9,   70.9 ,  46.6 , 0.00I,999.9, 000000,
423480,99999, 20200201,   60.1,24,   38.6,24, 9999.9, 0, 9999.9, 0,   1.7,24,   4.2,24,   8.9, 999.9,   72.3 ,  47.8 , 0.00I,999.9, 000000,
423480,99999, 20200202,   60.4,24,   41.2,24, 9999.9, 0, 9999.9, 0,   1.8,24,   3.3,24,   6.0, 999.9,   72.3 ,  47.1 , 0.00I,999.9, 000000,
423480,99999, 20200203,   59.5,24,   39.7,24, 9999.9, 0, 9999.9, 0,   1.8,24,   4.2,24,   7.0, 999.9,   72.0 ,  47.8 , 0.00I,999.9, 000000,
423480,99999, 20200204,   61.1,24,   43.1,24, 9999.9, 0, 9999.9, 0,   1.6,24,   5.2,24,   8.9, 999.9,   72.3 ,  50.0*, 0.00I,999.9, 000000,
423480,99999, 20200205,   63.0,24,   42.6,24, 9999.9, 0, 9999.9, 0,   1.6,24,   3.2,24,   7.0, 999.9,   72.3*,  51.3 , 0.00I,999.9, 000000,
423480,99999, 20200206,   61.6,24,   42.8,24, 9999.9, 0, 9999.9, 0,   1.6,24,   3.7,24,   7.0, 999.9,   74.7 ,  51.1 , 0.00I,999.9, 000000,
423480,99999, 20200207,   62.1,24,   40.0,24, 9999.9, 0, 9999.9, 0,   1.7,24,   4.8,24,   8.0, 999.9,   73.2 ,  50.5 , 0.00I,999.9, 000000,
423480,99999, 20200208,   61.3,24,   34.7,24, 9999.9, 0, 9999.9, 0,   1.5,24,   2.6,24,   6.0, 999.9,   73.4 ,  49.1 , 0.00I,999.9, 000000,
423480,99999, 20200209,   60.6,24,   38.0,24, 9999.9, 0, 9999.9, 0,   1.6,24,   2.1,24,   8.0, 999.9,   75.2 ,  46.0 , 0.00I,999.9, 000000,
423480,99999, 20200210,   61.2,24,   38.6,24, 9999.9, 0, 9999.9, 0,   1.8,24,   2.3,24,   5.1, 999.9,   73.4 ,  46.4 , 0.00I,999.9, 000000,
423480,99999, 20200211,   63.6,24,   40.7,24, 9999.9, 0, 9999.9, 0,   1.7,24,   3.2,24,   6.0, 999.9,   77.0*,  50.0*, 0.00I,999.9, 000000,
423480,99999, 20200212,   67.0,24,   40.9,24, 9999.9, 0, 9999.9, 0,   1.6,24,   2.4,24,   7.0, 999.9,   80.6*,  51.1 , 0.00I,999.9, 000000,
423480,99999, 20200213,   71.1,24,   40.0,24, 9999.9, 0, 9999.9, 0,   1.8,24,   4.2,24,   9.9, 999.9,   84.2*,  54.3 , 0.00I,999.9, 000000,
423480,99999, 20200214,   69.9,24,   35.9,24, 9999.9, 0, 9999.9, 0,   2.1,24,   5.5,24,  11.1, 999.9,   84.2 ,  60.8*, 0.00I,999.9, 000000,
423480,99999, 20200215,   70.2,24,   29.6,24, 9999.9, 0, 9999.9, 0,   1.7,24,   4.6,24,   8.0, 999.9,   82.4*,  55.4 , 0.00I,999.9, 000000,
423480,99999, 20200216,   70.4,24,   30.4,24, 9999.9, 0, 9999.9, 0,   1.6,24,   2.4,24,   5.1, 999.9,   87.8*,  53.1 , 0.00I,999.9, 000000,
423480,99999, 20200217,   72.0,24,   30.2,24, 9999.9, 0, 9999.9, 0,   2.0,24,   3.2,24,   8.9, 999.9,   87.8 ,  54.3 , 0.00I,999.9, 000000,
423480,99999, 20200218,   70.9,24,   30.9,24, 9999.9, 0, 9999.9, 0,   2.1,24,   3.1,24,   9.9, 999.9,   86.5 ,  53.1 , 0.00I,999.9, 000000,
423480,99999, 20200219,   72.0,24,   43.6,24, 9999.9, 0, 9999.9, 0,   2.0,24,   5.7,24,   8.0, 999.9,   86.7 ,  55.2 , 0.00I,999.9, 000000,
423480,99999, 20200220,   73.7,24,   50.0,24, 9999.9, 0, 9999.9, 0,   1.9,24,   6.9,24,  11.1, 999.9,   86.7 ,  62.2 , 0.00I,999.9, 000000,
423480,99999, 20200221,   66.7,23,   52.6,23, 9999.9, 0, 9999.9, 0,   1.5,22,   4.5,22,   7.0, 999.9,   87.8 ,  59.0*, 0.00I,999.9, 000000,
423480,99999, 20200222,   66.2,24,   54.7,24, 9999.9, 0, 9999.9, 0,   1.7,24,   4.7,24,   8.9, 999.9,   77.0 ,  53.6 , 0.00I,999.9, 000000,
423480,99999, 20200223,   69.5,24,   55.6,24, 9999.9, 0, 9999.9, 0,   1.6,24,   4.5,24,   8.0, 999.9,   77.0*,  60.1 , 0.00I,999.9, 000000,
423480,99999, 20200224,   70.2,23,   51.7,23, 1014.9, 4, 9999.9, 0,   1.5,23,   3.1,22,   7.0, 999.9,   80.6*,  59.0 , 0.00I,999.9, 000000,
423480,99999, 20200225,   71.5,22,   48.8,22, 9999.9, 0, 9999.9, 0,   1.9,21,   3.5,22,   8.0, 999.9,   82.4*,  57.2 , 0.00I,999.9, 000000,
423480,99999, 20200226,   73.6,24,   46.6,24, 9999.9, 0, 9999.9, 0,   2.0,24,   4.8,24,   9.9, 999.9,   84.2*,  60.4 , 0.00I,999.9, 000000,
423480,99999, 20200227,   76.2,22,   49.9,22, 9999.9, 0, 9999.9, 0,   1.9,22,   4.6,22,   7.0, 999.9,   86.0 ,  64.4*, 0.00I,999.9, 000000,
423480,99999, 20200228,   72.6,22,   57.1,22, 9999.9, 0, 9999.9, 0,   1.8,22,   6.8,22,   9.9, 999.9,   88.0 ,  65.7 , 0.00I,999.9, 000000,
423480,99999, 20200229,   74.0,24,   57.3,24, 9999.9, 0, 9999.9, 0,   1.9,24,   7.3,24,  15.0,  22.0,   86.4*,  60.8*, 0.00I,999.9, 000000,
423480,99999, 20200301,   72.2,24,   56.3,24, 9999.9, 0, 9999.9, 0,   2.4,24,   5.3,24,   9.9, 999.9,   86.5 ,  59.0 , 0.00G,999.9, 000000,
423480,99999, 20200302,   74.7,24,   55.3,24, 9999.9, 0, 9999.9, 0,   1.7,24,   4.0,24,   7.0, 999.9,   84.2*,  62.8 , 0.00I,999.9, 000000,
423480,99999, 20200303,   75.5,24,   54.0,24, 9999.9, 0, 9999.9, 0,   1.8,24,   4.2,24,   6.0, 999.9,   85.1 ,  64.4 , 0.00I,999.9, 000000,
423480,99999, 20200304,   71.1,24,   55.4,24, 9999.9, 0, 9999.9, 0,   1.4,24,   7.0,24,   9.9,  15.9,   86.4 ,  62.6*, 0.00E,999.9, 010010,
423480,99999, 20200305,   68.0,24,   55.0,24, 9999.9, 0, 9999.9, 0,   1.6,24,   9.0,24,  14.0,  25.1,   83.8 ,  59.2 , 0.00G,999.9, 010010,
423480,99999, 20200306,   63.1,24,   53.3,24, 9999.9, 0, 9999.9, 0,   1.5,24,   4.7,24,  20.0,  29.9,   80.2 ,  55.4*, 0.02G,999.9, 010010,
423480,99999, 20200307,   64.9,24,   51.8,24, 9999.9, 0, 9999.9, 0,   2.0,24,   4.5,24,   9.9, 999.9,   77.9 ,  53.6 , 0.12G,999.9, 000000,
423480,99999, 20200308,   68.7,24,   46.7,24, 9999.9, 0, 9999.9, 0,   2.0,24,   3.8,24,   8.9, 999.9,   78.8*,  54.9 , 0.00G,999.9, 000000,
423480,99999, 20200309,   71.0,24,   41.3,24, 9999.9, 0, 9999.9, 0,   2.8,24,   4.0,24,   8.0, 999.9,   81.0 ,  57.9 , 0.00I,999.9, 000000,
423480,99999, 20200310,   68.3,24,   44.9,24, 9999.9, 0, 9999.9, 0,   2.0,24,   8.4,24,  12.0, 999.9,   81.1 ,  58.3 ,99.99 ,999.9, 010010,
423480,99999, 20200311,   69.3,22,   50.1,22, 9999.9, 0, 9999.9, 0,   2.0,22,   6.8,22,  13.0, 999.9,   80.6*,  59.0*, 0.08G,999.9, 000000,
423480,99999, 20200312,   70.7,24,   37.2,24, 9999.9, 0, 9999.9, 0,   2.0,24,   6.2,24,   9.9,  20.0,   82.4 ,  56.5 , 0.00G,999.9, 000000,
423480,99999, 20200313,   69.3,23,   32.0,23, 9999.9, 0, 9999.9, 0,   1.8,23,   4.6,22,  11.1, 999.9,   83.3 ,  57.7 , 0.00I,999.9, 000000,
423480,99999, 20200314,   66.9,21,   40.4,21, 1014.8, 4, 9999.9, 0,   1.7,21,   4.7,21,   8.9, 999.9,   80.6 ,  59.0*, 0.00I,999.9, 000000,
423480,99999, 20200315,   68.8,22,   43.2,22, 9999.9, 0, 9999.9, 0,   2.0,22,   3.7,22,   8.0, 999.9,   77.0*,  55.4 , 0.00I,999.9, 000000,
423480,99999, 20200316,   70.3,24,   46.2,24, 9999.9, 0, 9999.9, 0,   2.0,24,   3.0,24,   6.0, 999.9,   78.8*,  61.5 , 0.00I,999.9, 000000,
423480,99999, 20200317,   74.3,24,   44.3,24, 9999.9, 0, 9999.9, 0,   2.2,24,   2.7,24,   6.0, 999.9,   84.2*,  59.2 , 0.00I,999.9, 000000,
423480,99999, 20200318,   77.8,24,   44.6,24, 9999.9, 0, 9999.9, 0,   2.4,24,   3.9,24,   8.0, 999.9,   89.6*,  62.6 , 0.00I,999.9, 000000,
423480,99999, 20200319,   80.2,24,   42.4,24, 9999.9, 0, 9999.9, 0,   2.1,24,   5.1,24,  11.1,  20.0,   91.4*,  66.9 , 0.00I,999.9, 000000,
423480,99999, 20200320,   78.4,24,   50.4,24, 9999.9, 0, 9999.9, 0,   1.8,24,   6.8,24,  13.0, 999.9,   93.2*,  64.4*, 0.00E,999.9, 010010,
423480,99999, 20200321,   77.9,24,   54.0,24, 9999.9, 0, 9999.9, 0,   2.1,24,   3.6,24,   7.0, 999.9,   94.1 ,  62.8 , 0.08G,999.9, 000000,
423480,99999, 20200322,   82.2,24,   50.2,24, 9999.9, 0, 9999.9, 0,   2.1,24,   5.2,24,   9.9, 999.9,   91.4*,  71.1 , 0.00G,999.9, 000000,
423480,99999, 20200323,   77.7,24,   55.5,24, 9999.9, 0, 9999.9, 0,   1.7,24,   3.8,24,  11.1, 999.9,   92.7 ,  70.9 , 0.00B,999.9, 010000,
423480,99999, 20200324,   80.8,22,   55.8,22, 9999.9, 0, 9999.9, 0,   1.5,22,   4.1,22,   8.0, 999.9,   91.4*,  69.3 , 0.00G,999.9, 010010,
423480,99999, 20200325,   79.5,23,   58.1,23, 1010.9, 8, 9999.9, 0,   1.9,23,   4.5,23,  13.0, 999.9,   93.2 ,  67.3 , 0.08G,999.9, 010010,
423480,99999, 20200326,   73.8,24,   59.2,24, 1013.4, 8, 9999.9, 0,   2.1,24,   8.5,24,  12.0,  20.0,   94.3 ,  66.2*, 0.24G,999.9, 010000,
423480,99999, 20200327,   70.8,23,   65.4,23, 1014.0, 8, 9999.9, 0,   1.8,23,   4.5,23,  12.0, 999.9,   84.2 ,  64.4 , 0.28G,999.9, 010000,
423480,99999, 20200328,   75.8,21,   53.5,21, 1013.8, 8, 9999.9, 0,   2.2,21,   3.5,21,   7.0, 999.9,   86.0*,  62.6 , 0.02G,999.9, 000000,
423480,99999, 20200329,   78.6,24,   48.9,24, 1012.0, 7, 9999.9, 0,   2.0,24,   4.1,24,   7.0, 999.9,   87.8*,  63.3 , 0.00G,999.9, 000000,
423480,99999, 20200330,   80.7,24,   48.3,24, 1011.9, 8, 9999.9, 0,   2.4,24,   4.0,24,   7.0, 999.9,   89.6*,  67.3 , 0.00I,999.9, 000000,
423480,99999, 20200331,   82.0,18,   49.2,18, 1010.1, 8, 9999.9, 0,   2.0,18,   4.2,18,   7.0, 999.9,   91.4*,  67.6 , 0.00I,999.9, 000000,
423480,99999, 20200401,   81.9,23,   48.0,23, 1010.2, 8, 9999.9, 0,   2.7,23,   5.8,23,   9.9, 999.9,   93.9 ,  68.0 , 0.00I,999.9, 000000,
423480,99999, 20200402,   81.8,23,   45.7,23, 1010.8, 8, 9999.9, 0,   2.1,23,   5.5,23,  11.1, 999.9,   93.4 ,  64.4 , 0.00I,999.9, 000000,
423480,99999, 20200403,   81.2,23,   34.4,23, 1011.5, 8, 9999.9, 0,   2.1,23,   4.2,23,   8.0, 999.9,   91.8 ,  65.8 , 0.00I,999.9, 000000,
423480,99999, 20200404,   81.4,24,   40.5,24, 1011.6, 8, 9999.9, 0,   2.0,24,   3.9,24,   8.0, 999.9,   93.2*,  64.4 , 0.00I,999.9, 000000,
423480,99999, 20200405,   85.0,21,   43.3,20, 1011.4, 8, 9999.9, 0,   2.0,21,   5.2,21,   9.9, 999.9,   95.4*,  71.6*, 0.00I,999.9, 000000,
423480,99999, 20200406,   87.5,23,   44.6,23, 1010.0, 7, 9999.9, 0,   2.2,23,   6.5,23,   9.9, 999.9,   98.6*,  75.2*, 0.00I,999.9, 000000,
423480,99999, 20200407,   85.5,22,   48.0,22, 1007.7, 8, 9999.9, 0,   2.2,22,   4.6,22,   9.9, 999.9,  100.4 ,  68.0*, 0.00I,999.9, 000010,
