STN---,WBAN , YEARMODA,   TEMP,  ,   DEWP,  ,  SLP  ,  ,  STP  ,  , VISIB,  ,  WDSP,  , MXSPD,  GUST,   MAX  ,  MIN  ,PRCP  ,SNDP , FRSHTT,
428070,99999, 20200101,   65.6, 8,   57.7, 8, 1019.5, 8, 9999.9, 0,   1.4, 8,   0.8, 8,   1.9, 999.9,   75.6*,  53.8 , 0.00I,999.9, 000000,
428070,99999, 20200102,   68.5, 8,   60.4, 8, 1019.6, 7, 9999.9, 0,   1.2, 8,   1.5, 8,   2.9, 999.9,   77.0*,  59.5 , 0.00I,999.9, 000000,
428070,99999, 20200103,   63.5, 8,   62.7, 8, 1017.4, 8, 9999.9, 0,   1.2, 8,   1.8, 8,   5.1, 999.9,   64.0*,  60.4 , 0.35G,999.9, 010000,
428070,99999, 20200104,   63.2, 8,   61.6, 8, 1015.3, 8, 9999.9, 0,   1.0, 8,   0.6, 8,   2.9, 999.9,   66.2*,  60.8*, 0.00G,999.9, 100000,
428070,99999, 20200105,   62.7, 8,   60.8, 8, 1016.5, 8, 9999.9, 0,   0.6, 8,   1.4, 8,   5.1, 999.9,   68.7*,  58.6 , 0.00I,999.9, 100000,
428070,99999, 20200106,   62.6, 8,   56.5, 8, 1018.9, 8, 9999.9, 0,   1.0, 8,   2.0, 8,   5.1, 999.9,   72.7 ,  54.7 , 0.00I,999.9, 100000,
428070,99999, 20200107,   62.0, 8,   56.3, 8, 1016.9, 8, 9999.9, 0,   0.7, 8,   1.4, 8,   5.1, 999.9,   70.9 ,  54.0 , 0.00I,999.9, 100000,
428070,99999, 20200108,   65.5, 8,   57.5, 8, 1015.4, 8, 9999.9, 0,   1.0, 8,   0.8, 8,   4.1, 999.9,   74.1*,  55.9 , 0.00I,999.9, 100000,
428070,99999, 20200109,   65.7, 8,   60.2, 8, 1015.5, 8, 9999.9, 0,   0.8, 8,   0.8, 8,   1.9, 999.9,   72.3*,  59.9 , 0.02E,999.9, 110010,
428070,99999, 20200110,   64.5, 7,   54.8, 7, 1017.0, 7, 9999.9, 0,   1.2, 7,   3.6, 7,   5.1, 999.9,   71.2*,  58.3*, 0.00I,999.9, 000000,
428070,99999, 20200111,   60.9, 7,   53.1, 7, 1017.6, 7, 9999.9, 0,   1.2, 7,   2.4, 7,   4.1, 999.9,   68.4*,  54.5 , 0.00I,999.9, 000000,
428070,99999, 20200112,   62.1, 8,   52.5, 8, 1014.4, 8, 9999.9, 0,   1.3, 8,   1.4, 8,   5.1, 999.9,   71.2*,  54.0 , 0.00I,999.9, 000000,
428070,99999, 20200113,   63.8, 7,   51.6, 7, 1013.2, 7, 9999.9, 0,   1.1, 7,   1.7, 7,   4.1, 999.9,   72.0*,  53.1 , 0.00I,999.9, 000000,
428070,99999, 20200114,   64.8, 8,   53.2, 8, 1013.9, 8, 9999.9, 0,   1.1, 8,   0.6, 8,   1.9, 999.9,   75.9*,  53.8 , 0.00I,999.9, 100000,
428070,99999, 20200115,   67.2, 8,   57.2, 8, 1015.1, 8, 9999.9, 0,   1.0, 8,   0.6, 8,   1.9, 999.9,   78.4*,  56.3 , 0.00I,999.9, 100000,
428070,99999, 20200116,   69.1, 8,   59.3, 8, 1015.0, 8, 9999.9, 0,   1.0, 8,   0.5, 8,   2.9, 999.9,   81.0*,  57.9 , 0.00I,999.9, 000000,
428070,99999, 20200117,   70.2, 8,   60.3, 8, 1015.4, 8, 9999.9, 0,   1.6, 8,   0.5, 8,   1.9, 999.9,   81.7*,  60.1 , 0.00I,999.9, 100000,
428070,99999, 20200118,   69.6, 8,   58.0, 8, 1014.8, 8, 9999.9, 0,   1.6, 8,   1.1, 8,   2.9, 999.9,   81.7*,  60.1 , 0.00I,999.9, 000000,
428070,99999, 20200119,   70.5, 8,   61.1, 8, 1015.2, 8, 9999.9, 0,   1.5, 8,   2.3, 8,   5.1, 999.9,   79.2*,  60.3 , 0.00I,999.9, 000000,
428070,99999, 20200120,   65.2, 8,   56.3, 8, 1017.3, 8, 9999.9, 0,   1.2, 8,   1.7, 8,   4.1, 999.9,   71.6*,  59.7*, 0.00I,999.9, 000000,
428070,99999, 20200121,   65.2, 8,   55.0, 8, 1019.0, 8, 9999.9, 0,   1.2, 8,   1.2, 8,   2.9, 999.9,   74.1*,  56.8 , 0.00I,999.9, 000000,
428070,99999, 20200122,   67.0, 8,   58.2, 8, 1017.7, 8, 9999.9, 0,   1.1, 8,   0.7, 8,   2.9, 999.9,   76.3*,  56.5 , 0.00I,999.9, 000000,
428070,99999, 20200123,   68.1, 8,   59.8, 8, 1015.9, 8, 9999.9, 0,   1.0, 8,   0.9, 8,   4.1, 999.9,   74.8*,  60.8 , 0.00E,999.9, 100000,
428070,99999, 20200124,   64.3, 8,   49.0, 8, 1016.5, 8, 9999.9, 0,   1.5, 8,   1.5, 8,   5.1, 999.9,   73.0*,  57.2*, 0.00G,999.9, 000000,
428070,99999, 20200125,   63.4, 8,   49.3, 8, 1015.1, 8, 9999.9, 0,   1.6, 8,   1.2, 8,   5.1, 999.9,   72.9*,  53.6 , 0.00I,999.9, 000000,
428070,99999, 20200126,   64.8, 8,   52.9, 8, 1013.4, 8, 9999.9, 0,   1.6, 8,   1.0, 8,   4.1, 999.9,   74.8*,  54.5 , 0.00I,999.9, 000000,
428070,99999, 20200127,   64.5, 8,   53.9, 8, 1013.4, 8, 9999.9, 0,   1.2, 8,   1.4, 8,   4.1, 999.9,   73.4*,  54.9 , 0.00I,999.9, 000000,
428070,99999, 20200128,   69.1, 8,   57.9, 8, 1013.9, 8, 9999.9, 0,   1.1, 8,   1.8, 8,   2.9, 999.9,   77.7*,  57.0 , 0.00I,999.9, 100000,
428070,99999, 20200129,   70.2, 8,   65.7, 8, 1014.8, 8, 9999.9, 0,   1.2, 8,   2.5, 8,   2.9, 999.9,   75.2*,  65.5 , 0.24G,999.9, 010000,
428070,99999, 20200130,   69.2, 8,   65.6, 8, 1013.3, 8, 9999.9, 0,   0.7, 8,   0.5, 8,   1.9, 999.9,   72.0*,  65.8 , 0.00G,999.9, 110000,
428070,99999, 20200131,   66.3, 8,   56.7, 8, 1014.8, 8, 9999.9, 0,   1.2, 8,   1.5, 8,   5.1, 999.9,   73.8*,  59.9*, 0.24G,999.9, 000000,
428070,99999, 20200201,   66.0, 8,   53.4, 8, 1016.8, 8, 9999.9, 0,   1.6, 8,   1.3, 8,   1.9, 999.9,   75.2*,  56.3 , 0.00G,999.9, 000000,
428070,99999, 20200202,   65.0, 8,   50.6, 8, 1018.6, 8, 9999.9, 0,   1.6, 8,   1.5, 8,   4.1, 999.9,   73.4*,  57.6*, 0.00I,999.9, 000000,
428070,99999, 20200203,   63.7, 8,   47.8, 8, 1018.3, 8, 9999.9, 0,   1.7, 8,   1.2, 8,   2.9, 999.9,   73.4*,  54.7 , 0.00I,999.9, 000000,
428070,99999, 20200204,   66.8, 7,   51.3, 7, 1016.3, 7, 9999.9, 0,   1.2, 7,   1.4, 7,   4.1, 999.9,   75.2*,  54.1 , 0.00I,999.9, 000000,
428070,99999, 20200205,   69.7, 8,   58.0, 8, 1014.5, 8, 9999.9, 0,   1.2, 8,   2.0, 8,   4.1, 999.9,   78.1*,  60.8 , 0.00I,999.9, 000000,
428070,99999, 20200206,   69.7, 8,   56.9, 8, 1016.0, 8, 9999.9, 0,   1.1, 8,   0.8, 8,   2.9, 999.9,   78.1*,  61.5 , 0.00I,999.9, 100000,
428070,99999, 20200207,   67.8, 8,   54.0, 8, 1017.4, 8, 9999.9, 0,   1.2, 8,   1.8, 8,   2.9, 999.9,   73.0*,  61.3 ,99.99 ,999.9, 010000,
428070,99999, 20200208,   65.3, 8,   56.0, 8, 1018.7, 8, 9999.9, 0,   1.2, 8,   1.3, 8,   2.9, 999.9,   68.4*,  62.2*, 0.00G,999.9, 010000,
428070,99999, 20200209,   67.5, 8,   54.5, 8, 1018.5, 8, 9999.9, 0,   1.3, 8,   1.9, 8,   5.1, 999.9,   77.4*,  59.7*, 0.00G,999.9, 000000,
428070,99999, 20200210,   65.8, 8,   50.7, 8, 1018.0, 8, 9999.9, 0,   1.3, 8,   1.6, 8,   5.1, 999.9,   75.9*,  56.5 , 0.00G,999.9, 000000,
428070,99999, 20200211,   66.7, 8,   50.7, 8, 1018.0, 8, 9999.9, 0,   1.6, 8,   1.2, 8,   4.1, 999.9,   77.4*,  56.3 , 0.00I,999.9, 000000,
428070,99999, 20200212,   67.1, 8,   51.5, 8, 1016.8, 8, 9999.9, 0,   1.5, 8,   1.5, 8,   4.1, 999.9,   77.4*,  56.1 , 0.00I,999.9, 000000,
428070,99999, 20200213,   68.2, 8,   51.8, 8, 1013.6, 8, 9999.9, 0,   1.3, 8,   1.0, 8,   2.9, 999.9,   78.8*,  57.7 , 0.00I,999.9, 000000,
428070,99999, 20200214,   71.7, 8,   57.2, 8, 1010.5, 8, 9999.9, 0,   1.6, 8,   1.2, 8,   4.1, 999.9,   82.4*,  59.4 , 0.00I,999.9, 000000,
428070,99999, 20200215,   71.4, 8,   54.2, 8, 1013.0, 8, 9999.9, 0,   1.7, 8,   1.7, 8,   6.0, 999.9,   81.3*,  62.8 , 0.00I,999.9, 000000,
428070,99999, 20200216,   72.0, 8,   58.7, 8, 1015.2, 8, 9999.9, 0,   1.6, 8,   1.4, 8,   4.1, 999.9,   82.8*,  61.0 , 0.00I,999.9, 000000,
428070,99999, 20200217,   72.7, 8,   59.9, 8, 1015.2, 8, 9999.9, 0,   1.6, 8,   1.0, 8,   1.9, 999.9,   83.1*,  62.4 , 0.00I,999.9, 000000,
428070,99999, 20200218,   73.5, 8,   61.4, 8, 1014.6, 8, 9999.9, 0,   1.1, 8,   1.5, 8,   4.1, 999.9,   83.1*,  67.1 , 0.00I,999.9, 000000,
428070,99999, 20200219,   74.6, 8,   64.4, 8, 1015.6, 8, 9999.9, 0,   1.5, 8,   2.1, 8,   4.1, 999.9,   83.5*,  65.7 , 0.00I,999.9, 000000,
428070,99999, 20200220,   76.1, 8,   63.5, 8, 1016.3, 8, 9999.9, 0,   1.9, 8,   2.2, 8,   4.1, 999.9,   84.2*,  68.9 , 0.00I,999.9, 000000,
428070,99999, 20200221,   74.6, 8,   61.9, 8, 1018.3, 8, 9999.9, 0,   1.3, 8,   1.1, 8,   4.1, 999.9,   84.9*,  65.8 , 0.00I,999.9, 000000,
428070,99999, 20200222,   75.0, 8,   59.4, 8, 1017.7, 8, 9999.9, 0,   1.4, 8,   1.6, 8,   5.1, 999.9,   85.6*,  64.4 , 0.00I,999.9, 000000,
428070,99999, 20200223,   75.7, 8,   62.2, 8, 1015.9, 8, 9999.9, 0,   1.9, 8,   1.0, 8,   2.9, 999.9,   84.9*,  66.9 , 0.00I,999.9, 000000,
428070,99999, 20200224,   74.0, 8,   64.7, 8, 1013.8, 8, 9999.9, 0,   1.1, 8,   1.0, 8,   2.9, 999.9,   80.2*,  67.1 , 0.01G,999.9, 010000,
428070,99999, 20200225,   68.5, 8,   63.5, 8, 1013.9, 8, 9999.9, 0,   1.2, 8,   1.6, 8,   2.9, 999.9,   71.2*,  65.5*, 0.08G,999.9, 010000,
428070,99999, 20200226,   73.0, 8,   62.6, 8, 1014.0, 8, 9999.9, 0,   1.9, 8,   1.7, 8,   2.9, 999.9,   80.2*,  64.0 , 0.04G,999.9, 000000,
428070,99999, 20200227,   73.7, 8,   62.3, 8, 1014.2, 8, 9999.9, 0,   1.9, 8,   1.3, 8,   1.9, 999.9,   81.0*,  66.6 , 0.00G,999.9, 000000,
428070,99999, 20200228,   73.3, 8,   59.6, 8, 1013.8, 8, 9999.9, 0,   2.2, 8,   1.3, 8,   2.9, 999.9,   81.7*,  64.9 , 0.00I,999.9, 000000,
428070,99999, 20200229,   74.2, 8,   58.3, 8, 1012.5, 8, 9999.9, 0,   1.9, 8,   1.2, 8,   2.9, 999.9,   83.8*,  63.7 , 0.00I,999.9, 000000,
428070,99999, 20200301,   76.4, 8,   63.2, 8, 1012.3, 8, 9999.9, 0,   1.9, 8,   0.8, 8,   1.9, 999.9,   86.0*,  66.4 , 0.00I,999.9, 000000,
428070,99999, 20200302,   78.6, 8,   65.4, 8, 1011.6, 8, 9999.9, 0,   1.9, 8,   1.1, 8,   2.9, 999.9,   87.1*,  67.8 , 0.00I,999.9, 000000,
428070,99999, 20200303,   76.5, 8,   66.4, 8, 1011.0, 8, 9999.9, 0,   1.9, 8,   2.3, 8,   4.1, 999.9,   86.7*,  68.4*, 0.16E,999.9, 010010,
428070,99999, 20200304,   75.7, 8,   66.6, 8, 1011.4, 8, 9999.9, 0,   2.2, 8,   2.5, 8,   4.1, 999.9,   85.3*,  67.3 ,99.99 ,999.9, 010000,
428070,99999, 20200305,   73.7, 8,   66.1, 8, 1011.8, 8, 9999.9, 0,   2.0, 8,   1.9, 8,   6.0, 999.9,   83.1*,  66.2 , 0.35G,999.9, 010010,
428070,99999, 20200306,   77.6, 8,   68.1, 8, 1012.7, 8, 9999.9, 0,   2.2, 8,   2.7, 8,   4.1, 999.9,   84.6*,  70.3 , 0.00G,999.9, 010010,
428070,99999, 20200307,   75.4, 8,   69.6, 8, 1013.8, 8, 9999.9, 0,   2.3, 8,   1.6, 8,   1.9, 999.9,   79.5*,  69.8 , 0.71G,999.9, 010000,
428070,99999, 20200308,   76.6, 8,   66.9, 8, 1012.2, 8, 9999.9, 0,   2.3, 8,   1.3, 8,   2.9, 999.9,   86.0*,  69.1 , 0.08G,999.9, 000010,
428070,99999, 20200309,   75.8, 8,   60.3, 8, 1011.9, 8, 9999.9, 0,   2.2, 8,   1.4, 8,   4.1, 999.9,   86.0*,  67.1 , 0.00G,999.9, 000000,
428070,99999, 20200310,   78.1, 8,   61.5, 8, 1011.8, 8, 9999.9, 0,   2.2, 8,   1.0, 8,   2.9, 999.9,   86.4*,  65.7 , 0.00I,999.9, 000000,
428070,99999, 20200311,   80.4, 8,   65.5, 8, 1012.0, 8, 9999.9, 0,   2.3, 8,   1.5, 8,   2.9, 999.9,   89.2*,  73.0 ,99.99 ,999.9, 010000,
428070,99999, 20200312,   81.1, 8,   69.8, 8, 1013.4, 8, 9999.9, 0,   2.2, 8,   1.6, 8,   2.9, 999.9,   90.3*,  72.7 , 0.00G,999.9, 010000,
428070,99999, 20200313,   83.4, 8,   70.7, 8, 1013.6, 8, 9999.9, 0,   2.2, 8,   1.1, 8,   2.9, 999.9,   91.8*,  72.0 , 0.00G,999.9, 000000,
428070,99999, 20200314,   78.0, 8,   63.1, 8, 1013.9, 8, 9999.9, 0,   2.5, 8,   3.9, 8,   6.0, 999.9,   87.3*,  69.4*, 0.00I,999.9, 000000,
428070,99999, 20200315,   77.9, 8,   64.9, 8, 1013.4, 8, 9999.9, 0,   2.3, 8,   2.4, 8,   6.0, 999.9,   87.4*,  66.6 , 0.00I,999.9, 000000,
428070,99999, 20200316,   80.6, 8,   68.1, 8, 1013.8, 8, 9999.9, 0,   2.3, 8,   1.1, 8,   2.9, 999.9,   88.5*,  71.8 , 0.00I,999.9, 000000,
428070,99999, 20200317,   81.2, 8,   65.6, 8, 1014.2, 8, 9999.9, 0,   2.5, 8,   1.2, 8,   2.9, 999.9,   88.5*,  73.9 , 0.00I,999.9, 000000,
428070,99999, 20200318,   80.2, 8,   63.9, 8, 1012.5, 8, 9999.9, 0,   2.3, 8,   1.6, 8,   2.9, 999.9,   89.6*,  72.0*, 0.00I,999.9, 000000,
428070,99999, 20200319,   80.9, 8,   61.9, 8, 1011.7, 8, 9999.9, 0,   2.3, 8,   2.0, 8,   6.0, 999.9,   90.7*,  70.0 ,99.99 ,999.9, 010000,
428070,99999, 20200320,   80.4, 8,   62.3, 8, 1011.0, 8, 9999.9, 0,   2.5, 8,   2.1, 8,   5.1, 999.9,   89.6*,  72.5 , 0.00G,999.9, 000000,
428070,99999, 20200321,   81.3, 8,   67.0, 8, 1011.8, 8, 9999.9, 0,   2.2, 8,   3.1, 8,   6.0, 999.9,   92.1*,  70.9*,99.99 ,999.9, 010010,
428070,99999, 20200322,   77.9, 8,   64.1, 8, 1012.7, 8, 9999.9, 0,   2.5, 8,   3.4, 8,   6.0, 999.9,   86.7*,  66.6 , 0.20G,999.9, 000010,
428070,99999, 20200323,   80.7, 8,   68.1, 8, 1011.4, 8, 9999.9, 0,   2.5, 8,   1.9, 8,   2.9, 999.9,   90.0*,  70.9 , 0.00G,999.9, 000000,
428070,99999, 20200324,   81.7, 8,   68.7, 8, 1009.6, 8, 9999.9, 0,   2.3, 8,   1.2, 8,   2.9, 999.9,   91.0*,  73.9 , 0.00I,999.9, 000000,
428070,99999, 20200325,   83.6, 8,   72.6, 8, 1008.6, 8, 9999.9, 0,   2.3, 8,   2.1, 8,   2.9, 999.9,   92.8*,  73.6 , 0.00I,999.9, 000000,
428070,99999, 20200326,   85.3, 8,   67.7, 8, 1010.1, 8, 9999.9, 0,   2.5, 8,   2.1, 8,   5.1, 999.9,   94.6*,  77.0 , 0.00I,999.9, 000000,
428070,99999, 20200327,   86.9, 8,   66.6, 8, 1010.4, 8, 9999.9, 0,   2.5, 8,   2.1, 8,   4.1, 999.9,   97.2*,  76.1 , 0.00I,999.9, 000000,
428070,99999, 20200328,   88.2, 8,   68.1, 8, 1008.6, 8, 9999.9, 0,   2.5, 8,   2.0, 8,   4.1, 999.9,   97.2*,  79.7 , 0.00I,999.9, 000000,
428070,99999, 20200329,   86.7, 8,   65.8, 8, 1008.9, 8, 9999.9, 0,   2.5, 8,   2.2, 8,   6.0, 999.9,   95.0*,  79.2 , 0.00I,999.9, 000000,
428070,99999, 20200330,   85.6, 8,   60.9, 8, 1010.0, 8, 9999.9, 0,   2.5, 8,   1.2, 8,   1.9, 999.9,   94.6*,  75.4 , 0.00I,999.9, 000000,
428070,99999, 20200331,   86.8, 8,   64.7, 8, 1009.8, 8, 9999.9, 0,   2.5, 8,   1.2, 8,   2.9, 999.9,   96.4*,  76.1 , 0.00I,999.9, 000000,
428070,99999, 20200401,   86.9, 8,   70.8, 8, 1008.1, 8, 9999.9, 0,   2.5, 8,   1.3, 8,   1.9, 999.9,   98.2*,  78.8*, 0.00E,999.9, 000000,
428070,99999, 20200402,   87.1, 8,   75.4, 8, 1007.3, 8, 9999.9, 0,   2.5, 8,   2.1, 8,   5.1, 999.9,   97.2*,  76.1 , 0.00G,999.9, 000000,
428070,99999, 20200403,   88.3, 8,   73.2, 8, 1008.9, 8, 9999.9, 0,   2.5, 8,   0.7, 8,   1.9, 999.9,   97.2*,  79.9 , 0.00I,999.9, 000000,
428070,99999, 20200404,   88.8, 8,   67.5, 8, 1010.2, 8, 9999.9, 0,   2.5, 8,   1.5, 8,   2.9, 999.9,   97.5*,  78.1 , 0.00I,999.9, 000000,
428070,99999, 20200405,   88.2, 8,   71.6, 8, 1010.3, 8, 9999.9, 0,   2.5, 8,   1.1, 8,   1.9, 999.9,   96.4*,  81.7 , 0.00I,999.9, 000000,
428070,99999, 20200406,   87.8, 8,   64.9, 8, 1009.4, 8, 9999.9, 0,   2.5, 8,   1.1, 8,   1.9, 999.9,   98.6*,  79.5 , 0.00I,999.9, 000000,
428070,99999, 20200407,   89.0, 7,   69.8, 7, 1007.8, 7, 9999.9, 0,   2.5, 7,   2.1, 7,   4.1, 999.9,   99.3*,  77.9 , 0.00I,999.9, 000000,
