STN---,WBAN , YEARMODA,   TEMP,  ,   DEWP,  ,  SLP  ,  ,  STP  ,  , VISIB,  ,  WDSP,  , MXSPD,  GUST,   MAX  ,  MIN  ,PRCP  ,SNDP , FRSHTT,
423690,99999, 20200101,   55.4,24,   51.2,24, 9999.9, 0, 9999.9, 0,   0.8,24,   1.8,24,   7.0, 999.9,   68.4*,  39.2 , 0.00I,999.9, 100000,
423690,99999, 20200102,   61.9,24,   56.4,24, 9999.9, 0, 9999.9, 0,   0.9,24,   2.5,24,   7.0, 999.9,   74.1*,  47.5 ,99.99 ,999.9, 110000,
423690,99999, 20200103,   57.7,24,   54.8,24, 9999.9, 0, 9999.9, 0,   0.9,24,   3.0,24,   8.0, 999.9,   74.3 ,  51.8*, 0.08G,999.9, 110010,
423690,99999, 20200104,   58.0,24,   54.1,24, 9999.9, 0, 9999.9, 0,   1.2,24,   2.4,24,   6.0, 999.9,   68.4 ,  50.2 , 0.55G,999.9, 100000,
423690,99999, 20200105,   57.9,24,   53.7,24, 9999.9, 0, 9999.9, 0,   0.9,24,   3.7,24,   8.0, 999.9,   69.1*,  51.8*, 0.00G,999.9, 100000,
423690,99999, 20200106,   60.5,24,   53.8,24, 9999.9, 0, 9999.9, 0,   1.2,24,   2.5,24,   8.0, 999.9,   73.4*,  49.6 , 0.00I,999.9, 100000,
423690,99999, 20200107,   60.5,24,   55.1,24, 9999.9, 0, 9999.9, 0,   1.0,24,   2.6,24,   5.1, 999.9,   73.6 ,  53.6*,99.99 ,999.9, 110000,
423690,99999, 20200108,   56.7,24,   54.9,24, 9999.9, 0, 9999.9, 0,   0.8,24,   4.3,24,   9.9, 999.9,   72.3 ,  53.6*, 0.12G,999.9, 110010,
423690,99999, 20200109,   55.7,24,   52.3,24, 9999.9, 0, 9999.9, 0,   0.8,24,   4.3,24,  11.1, 999.9,   62.6*,  46.4*, 0.20G,999.9, 100000,
423690,99999, 20200110,   49.0,24,   45.8,24, 9999.9, 0, 9999.9, 0,   0.7,24,   3.2,24,   7.0, 999.9,   65.5 ,  41.0*, 0.00G,999.9, 100000,
423690,99999, 20200111,   50.8,24,   48.2,24, 9999.9, 0, 9999.9, 0,   0.5,24,   1.1,24,   6.0, 999.9,   65.3 ,  41.0 , 0.00I,999.9, 100000,
423690,99999, 20200112,   53.5,24,   49.6,24, 9999.9, 0, 9999.9, 0,   0.7,24,   1.5,24,   6.0, 999.9,   68.4*,  44.6*, 0.00I,999.9, 100000,
423690,99999, 20200113,   51.6,24,   49.8,24, 9999.9, 0, 9999.9, 0,   0.2,24,   3.2,24,   6.0, 999.9,   68.0 ,  43.2 , 0.00I,999.9, 100000,
423690,99999, 20200114,   59.6,24,   54.1,24, 9999.9, 0, 9999.9, 0,   0.8,24,   1.7,24,   4.1, 999.9,   69.8*,  48.7 , 0.00I,999.9, 100000,
423690,99999, 20200115,   59.3,24,   57.1,24, 9999.9, 0, 9999.9, 0,   0.6,24,   1.6,24,   5.1, 999.9,   70.7 ,  53.1 , 0.12E,999.9, 110000,
423690,99999, 20200116,   58.1,24,   57.9,24, 9999.9, 0, 9999.9, 0,   1.1,24,   4.5,24,   8.9, 999.9,   63.0 ,  57.2 , 1.54G,999.9, 010010,
423690,99999, 20200117,   58.5,24,   57.6,24, 9999.9, 0, 9999.9, 0,   0.7,24,   2.2,24,   6.0, 999.9,   62.6*,  55.4*, 1.38G,999.9, 110000,
423690,99999, 20200118,   56.7,23,   55.7,23, 9999.9, 0, 9999.9, 0,   0.5,23,   1.9,23,   6.0, 999.9,   62.2 ,  53.1 , 0.00G,999.9, 110000,
423690,99999, 20200119,   55.7,24,   53.2,24, 9999.9, 0, 9999.9, 0,   1.1,24,   3.7,24,   8.0, 999.9,   62.6*,  48.2*, 0.00G,999.9, 000000,
423690,99999, 20200120,   53.2,24,   50.0,24, 9999.9, 0, 9999.9, 0,   0.7,24,   2.3,24,   6.0, 999.9,   64.8 ,  44.6*, 0.00I,999.9, 100000,
423690,99999, 20200121,   52.1,24,   49.6,24, 9999.9, 0, 9999.9, 0,   0.4,24,   0.8,24,   2.9, 999.9,   64.8*,  42.8*, 0.00I,999.9, 100000,
423690,99999, 20200122,   54.6,24,   50.4,24, 9999.9, 0, 9999.9, 0,   0.7,24,   2.5,24,   7.0, 999.9,   68.7*,  42.8*, 0.00I,999.9, 100000,
423690,99999, 20200123,   56.1,24,   47.2,24, 9999.9, 0, 9999.9, 0,   1.2,24,   7.0,24,  15.9, 999.9,   70.3 ,  46.4*, 0.00I,999.9, 100000,
423690,99999, 20200124,   55.4,24,   46.5,24, 9999.9, 0, 9999.9, 0,   1.5,24,   4.2,24,  11.1, 999.9,   70.5 ,  44.6*, 0.00I,999.9, 100000,
423690,99999, 20200125,   57.3,24,   51.0,24, 9999.9, 0, 9999.9, 0,   1.1,24,   1.6,24,   5.1, 999.9,   70.3 ,  45.5 , 0.00I,999.9, 100000,
423690,99999, 20200126,   55.1,24,   49.9,24, 9999.9, 0, 9999.9, 0,   0.6,24,   1.7,24,   7.0, 999.9,   72.1 ,  46.0 , 0.00I,999.9, 100000,
423690,99999, 20200127,   60.2,24,   51.7,24, 9999.9, 0, 9999.9, 0,   1.2,24,   0.8,24,   5.1, 999.9,   73.4*,  45.5 , 0.00I,999.9, 100000,
423690,99999, 20200128,   62.9,24,   54.8,24, 9999.9, 0, 9999.9, 0,   1.1,24,   5.2,24,   9.9, 999.9,   76.6 ,  52.9 , 0.00I,999.9, 000000,
423690,99999, 20200129,   62.0,24,   55.4,24, 9999.9, 0, 9999.9, 0,   0.9,24,   4.9,24,   8.9, 999.9,   73.9 ,  51.8*, 0.03E,999.9, 110010,
423690,99999, 20200130,   58.8,24,   51.5,24, 9999.9, 0, 9999.9, 0,   1.9,24,   4.9,24,   8.9, 999.9,   75.9 ,  50.0*, 0.00I,999.9, 000000,
423690,99999, 20200131,   56.9,24,   46.5,24, 9999.9, 0, 9999.9, 0,   2.0,24,   3.1,24,   9.9, 999.9,   73.6 ,  46.4*, 0.00I,999.9, 000000,
423690,99999, 20200201,   57.7,24,   48.4,24, 9999.9, 0, 9999.9, 0,   1.9,24,   3.5,24,   9.9, 999.9,   71.4 ,  44.6*, 0.00I,999.9, 000000,
423690,99999, 20200202,   56.6,24,   47.1,24, 9999.9, 0, 9999.9, 0,   1.8,24,   4.1,24,   9.9, 999.9,   72.3 ,  46.4*, 0.00I,999.9, 000000,
423690,99999, 20200203,   56.5,24,   48.0,24, 9999.9, 0, 9999.9, 0,   1.6,24,   1.9,24,   8.0, 999.9,   71.2 ,  44.6*, 0.00I,999.9, 000000,
423690,99999, 20200204,   58.6,24,   50.3,24, 9999.9, 0, 9999.9, 0,   1.2,24,   1.2,24,   4.1, 999.9,   71.6*,  44.6*, 0.00I,999.9, 100000,
423690,99999, 20200205,   59.0,24,   49.3,24, 9999.9, 0, 9999.9, 0,   1.4,24,   4.2,24,  12.0, 999.9,   73.0*,  47.3 , 0.00I,999.9, 000000,
423690,99999, 20200206,   59.2,24,   48.1,24, 9999.9, 0, 9999.9, 0,   1.6,24,   1.2,24,   6.0, 999.9,   73.8 ,  46.0 , 0.00I,999.9, 000000,
423690,99999, 20200207,   60.2,24,   48.6,24, 9999.9, 0, 9999.9, 0,   1.5,24,   2.5,24,   8.9, 999.9,   74.3 ,  48.2*, 0.00I,999.9, 000000,
423690,99999, 20200208,   57.7,24,   46.8,24, 9999.9, 0, 9999.9, 0,   1.9,24,   3.0,24,   9.9, 999.9,   74.5 ,  46.4 , 0.00I,999.9, 000000,
423690,99999, 20200209,   60.4,24,   50.5,24, 9999.9, 0, 9999.9, 0,   1.6,24,   1.6,24,   5.1, 999.9,   75.2*,  47.5 , 0.00I,999.9, 000000,
423690,99999, 20200210,   59.8,24,   49.5,24, 9999.9, 0, 9999.9, 0,   1.6,24,   2.4,24,   7.0, 999.9,   75.6 ,  46.4*, 0.00I,999.9, 000000,
423690,99999, 20200211,   58.7,24,   47.2,24, 9999.9, 0, 9999.9, 0,   1.5,24,   2.3,24,   8.0, 999.9,   75.6 ,  44.6*, 0.00I,999.9, 000000,
423690,99999, 20200212,   61.3,24,   51.1,24, 9999.9, 0, 9999.9, 0,   1.5,24,   3.7,24,   9.9, 999.9,   75.9*,  47.5 , 0.00I,999.9, 000000,
423690,99999, 20200213,   64.7,24,   53.9,24, 9999.9, 0, 9999.9, 0,   1.8,24,   6.1,24,  13.0, 999.9,   78.1*,  51.8*, 0.00I,999.9, 000000,
423690,99999, 20200214,   65.4,24,   51.8,24, 9999.9, 0, 9999.9, 0,   2.0,24,   7.9,24,  15.0, 999.9,   80.1 ,  53.6*, 0.00I,999.9, 000000,
423690,99999, 20200215,   62.6,24,   47.3,24, 9999.9, 0, 9999.9, 0,   2.3,24,   3.9,24,  14.0, 999.9,   80.6 ,  49.5 , 0.00I,999.9, 000000,
423690,99999, 20200216,   64.8,24,   53.8,24, 9999.9, 0, 9999.9, 0,   1.9,24,   2.1,24,   6.0, 999.9,   79.2*,  50.2 , 0.00I,999.9, 000000,
423690,99999, 20200217,   66.1,24,   55.5,24, 9999.9, 0, 9999.9, 0,   1.7,24,   4.9,24,  12.0, 999.9,   80.6 ,  53.6*, 0.00I,999.9, 000000,
423690,99999, 20200218,   63.6,24,   48.8,24, 9999.9, 0, 9999.9, 0,   2.0,24,   3.8,24,   9.9, 999.9,   79.5*,  50.0*, 0.00I,999.9, 000000,
423690,99999, 20200219,   67.7,23,   52.4,23, 9999.9, 0, 9999.9, 0,   1.7,23,   1.6,23,   5.1, 999.9,   83.1*,  50.0*, 0.00I,999.9, 000000,
423690,99999, 20200220,   69.7,24,   57.1,24, 9999.9, 0, 9999.9, 0,   2.1,24,   6.5,24,  13.0, 999.9,   83.5 ,  57.9 ,99.99 ,999.9, 010010,
423690,99999, 20200221,   65.4,24,   59.3,24, 9999.9, 0, 9999.9, 0,   1.4,24,   8.5,24,  15.0,  25.1,   82.8 ,  59.0*, 0.28G,999.9, 010010,
423690,99999, 20200222,   67.1,24,   59.3,24, 9999.9, 0, 9999.9, 0,   2.0,24,   2.2,24,   7.0, 999.9,   75.9*,  56.7 , 0.00G,999.9, 000000,
423690,99999, 20200223,   70.4,24,   61.7,24, 9999.9, 0, 9999.9, 0,   1.7,24,   2.0,24,   4.1, 999.9,   80.6*,  61.9 , 0.00I,999.9, 000000,
423690,99999, 20200224,   68.2,24,   61.8,24, 9999.9, 0, 9999.9, 0,   1.5,24,   3.2,24,  13.0, 999.9,   81.7 ,  60.8*, 0.16E,999.9, 010010,
423690,99999, 20200225,   63.7,24,   57.8,24, 9999.9, 0, 9999.9, 0,   2.1,24,   2.6,24,   7.0, 999.9,   82.8 ,  55.4*, 0.00I,999.9, 000000,
423690,99999, 20200226,   65.8,24,   56.8,24, 9999.9, 0, 9999.9, 0,   2.2,24,   2.1,24,   5.1, 999.9,   75.6*,  55.4 , 0.00I,999.9, 000000,
423690,99999, 20200227,   67.1,24,   58.8,24, 9999.9, 0, 9999.9, 0,   1.9,24,   1.7,24,   4.1, 999.9,   77.7 ,  55.4*, 0.00I,999.9, 100000,
423690,99999, 20200228,   68.1,24,   59.4,24, 9999.9, 0, 9999.9, 0,   1.9,24,   1.7,24,   6.0, 999.9,   78.8*,  58.1 , 0.00I,999.9, 000000,
423690,99999, 20200229,   70.6,24,   61.0,24, 9999.9, 0, 9999.9, 0,   1.8,24,   3.4,24,  15.0, 999.9,   81.0*,  61.2 ,99.99 ,999.9, 010000,
423690,99999, 20200301,   71.2,24,   62.2,24, 9999.9, 0, 9999.9, 0,   2.0,24,   1.8,24,   5.1, 999.9,   81.3 ,  62.6 , 0.02G,999.9, 000000,
423690,99999, 20200302,   72.2,24,   61.0,24, 9999.9, 0, 9999.9, 0,   2.0,24,   2.0,24,   5.1, 999.9,   84.6*,  60.8 , 0.00G,999.9, 000000,
423690,99999, 20200303,   73.3,24,   60.9,24, 9999.9, 0, 9999.9, 0,   2.0,24,   1.6,24,   6.0, 999.9,   86.0*,  60.8*, 0.00I,999.9, 000000,
423690,99999, 20200304,   70.8,22,   60.4,22, 9999.9, 0, 9999.9, 0,   1.9,22,   3.3,22,  15.0,  25.1,   86.4 ,  61.9 , 0.83E,999.9, 010010,
423690,99999, 20200305,   68.8,24,   60.6,24, 9999.9, 0, 9999.9, 0,   1.7,24,   4.6,24,   9.9, 999.9,   86.2 ,  59.0*,99.99 ,999.9, 010000,
423690,99999, 20200306,   67.8,24,   60.3,24, 9999.9, 0, 9999.9, 0,   1.6,24,   7.7,24,  15.0,  25.1,   82.6 ,  60.4*, 0.00G,999.9, 010010,
423690,99999, 20200307,   67.0,24,   60.3,24, 9999.9, 0, 9999.9, 0,   2.3,24,   4.2,24,  11.1, 999.9,   80.1 ,  57.2*, 0.87G,999.9, 000000,
423690,99999, 20200308,   66.2,24,   57.5,24, 9999.9, 0, 9999.9, 0,   2.4,24,   5.3,24,  11.1, 999.9,   78.4*,  55.4*, 0.00G,999.9, 000000,
423690,99999, 20200309,   66.5,24,   53.8,24, 9999.9, 0, 9999.9, 0,   2.1,24,   4.6,24,  12.0, 999.9,   79.9*,  55.4*, 0.00I,999.9, 000000,
423690,99999, 20200310,   63.9,24,   57.7,24, 9999.9, 0, 9999.9, 0,   2.0,24,   2.0,24,   5.1, 999.9,   80.4 ,  55.4*, 0.00E,999.9, 010010,
423690,99999, 20200311,   68.0,21,   59.9,21, 9999.9, 0, 9999.9, 0,   1.8,21,   3.8,21,   9.9, 999.9,   78.8*,  58.1 , 0.03G,999.9, 010000,
423690,99999, 20200312,   75.6,24,   65.6,24, 9999.9, 0, 9999.9, 0,   2.3,24,   3.0,24,  14.0, 999.9,   86.4*,  62.6 , 0.00G,999.9, 010010,
423690,99999, 20200313,   66.3,23,   61.8,23, 9999.9, 0, 9999.9, 0,   1.8,23,   6.3,23,  15.0, 999.9,   86.7 ,  60.8*, 0.24G,999.9, 010010,
423690,99999, 20200314,   66.8,21,   62.1,21, 9999.9, 0, 9999.9, 0,   1.6,21,   2.5,21,   6.0, 999.9,   75.6*,  59.4 , 0.47G,999.9, 100000,
423690,99999, 20200315,   69.6,24,   62.6,24, 9999.9, 0, 9999.9, 0,   1.8,24,   2.8,24,   6.0, 999.9,   79.5*,  62.6*, 0.00G,999.9, 100000,
423690,99999, 20200316,   67.9,24,   56.5,24, 9999.9, 0, 9999.9, 0,   2.4,24,   3.2,24,   7.0, 999.9,   80.2 ,  59.0*, 0.00I,999.9, 000000,
423690,99999, 20200317,   70.0,24,   58.0,24, 9999.9, 0, 9999.9, 0,   2.2,24,   3.0,24,   8.0, 999.9,   83.1*,  57.2 , 0.00I,999.9, 000000,
423690,99999, 20200318,   72.0,24,   58.3,24, 9999.9, 0, 9999.9, 0,   2.3,24,   5.0,24,  12.0, 999.9,   85.3*,  59.7 , 0.00I,999.9, 000000,
423690,99999, 20200319,   73.1,24,   60.2,24, 9999.9, 0, 9999.9, 0,   2.2,24,   2.3,24,   7.0, 999.9,   87.1*,  60.3 , 0.00I,999.9, 000000,
423690,99999, 20200320,   76.5,24,   62.9,24, 9999.9, 0, 9999.9, 0,   2.2,24,   1.3,24,   4.1, 999.9,   90.3*,  62.6*, 0.00I,999.9, 000000,
423690,99999, 20200321,   74.2,24,   62.5,24, 9999.9, 0, 9999.9, 0,   2.4,24,   2.5,24,   7.0, 999.9,   90.7 ,  64.4*, 0.00I,999.9, 000000,
423690,99999, 20200322,   75.7,24,   63.3,24, 9999.9, 0, 9999.9, 0,   2.2,24,   2.0,24,   5.1, 999.9,   88.9*,  62.6*, 0.00I,999.9, 000000,
423690,99999, 20200323,   76.4,24,   63.8,24, 9999.9, 0, 9999.9, 0,   2.3,24,   2.0,24,   6.0, 999.9,   90.0 ,  65.3 , 0.00I,999.9, 000000,
423690,99999, 20200324,   78.3,24,   65.3,24, 9999.9, 0, 9999.9, 0,   2.2,24,   2.0,24,   7.0, 999.9,   91.4*,  66.2*, 0.00I,999.9, 000000,
423690,99999, 20200325,   80.5,24,   61.8,24, 9999.9, 0, 9999.9, 0,   2.2,24,   5.8,24,   9.9, 999.9,   92.3 ,  69.1 , 0.00I,999.9, 000000,
423690,99999, 20200326,   80.2,24,   59.9,24, 9999.9, 0, 9999.9, 0,   2.5,24,   6.3,24,  12.0, 999.9,   93.2 ,  69.8*, 0.00I,999.9, 000000,
423690,99999, 20200327,   70.4,24,   64.2,24, 9999.9, 0, 9999.9, 0,   1.6,24,   5.7,24,  19.0, 999.9,   93.6 ,  66.2*, 0.24E,999.9, 010010,
423690,99999, 20200328,   75.1,24,   62.1,24, 9999.9, 0, 9999.9, 0,   2.4,24,   6.4,24,  11.1, 999.9,   87.4*,  64.4 , 0.00I,999.9, 000000,
423690,99999, 20200329,   75.9,24,   56.9,24, 1010.8, 5, 9999.9, 0,   2.4,24,   6.9,24,  14.0, 999.9,   89.2*,  62.6*, 0.00I,999.9, 000000,
423690,99999, 20200330,   76.9,23,   53.2,23, 1011.1, 8, 9999.9, 0,   2.7,22,   6.3,23,  15.9, 999.9,   90.3 ,  60.4 , 0.00I,999.9, 000000,
423690,99999, 20200331,   78.5,23,   53.7,23, 1010.4, 8, 9999.9, 0,   2.6,23,   4.3,23,  12.0, 999.9,   93.2*,  60.8 , 0.00I,999.9, 000000,
423690,99999, 20200401,   83.2,23,   58.1,23, 1008.7, 8, 9999.9, 0,   2.5,23,   3.3,23,   8.9, 999.9,   95.7*,  66.2*, 0.00I,999.9, 000000,
423690,99999, 20200402,   80.5,24,   53.9,24, 1009.4, 8, 9999.9, 0,   2.7,24,   5.7,24,   9.9, 999.9,   97.9 ,  64.4*, 0.00I,999.9, 000000,
423690,99999, 20200403,   76.8,24,   49.2,24, 1011.1, 8, 9999.9, 0,   2.8,24,   4.8,24,   9.9, 999.9,   93.7 ,  62.6*, 0.00I,999.9, 000000,
423690,99999, 20200404,   77.0,22,   49.8,22, 1011.2, 7, 9999.9, 0,   2.8,22,   3.5,22,   8.9, 999.9,   93.6*,  60.1 , 0.00I,999.9, 000000,
423690,99999, 20200405,   81.5,24,   52.4,24, 1011.7, 8, 9999.9, 0,   3.0,24,   4.3,24,   9.9, 999.9,   95.0*,  62.2 , 0.00I,999.9, 000000,
423690,99999, 20200406,   84.8,23,   52.9,23, 1009.6, 8, 9999.9, 0,   2.6,23,   5.9,23,  12.0, 999.9,   98.6*,  66.2*, 0.00I,999.9, 000000,
423690,99999, 20200407,   85.6,22,   50.7,22, 1007.4, 8, 9999.9, 0,   2.8,22,   5.7,22,  11.1, 999.9,   99.0 ,  69.8 , 0.00I,999.9, 000000,
