STN---,WBAN , YEARMODA,   TEMP,  ,   DEWP,  ,  SLP  ,  ,  STP  ,  , VISIB,  ,  WDSP,  , MXSPD,  GUST,   MAX  ,  MIN  ,PRCP  ,SNDP , FRSHTT,
429210,99999, 20200101,   65.6, 8,   51.7, 8, 1015.1, 8, 9999.9, 0,   2.2, 8,   1.6, 8,   5.1, 999.9,   81.0*,  50.5 , 0.00I,999.9, 000000,
429210,99999, 20200102,   65.3, 8,   55.2, 8, 1016.7, 8, 9999.9, 0,   2.3, 8,   1.4, 8,   4.1, 999.9,   76.1*,  52.9 , 0.00I,999.9, 000000,
429210,99999, 20200103,   63.5, 7,   54.4, 7, 1016.5, 7, 9999.9, 0,   2.3, 7,   1.2, 7,   2.9, 999.9,   77.0*,  52.2 , 0.00I,999.9, 000000,
429210,99999, 20200104,   63.6, 8,   55.0, 8, 1015.2, 8, 9999.9, 0,   2.0, 8,   1.1, 8,   2.9, 999.9,   74.5*,  52.9 , 0.00I,999.9, 000000,
429210,99999, 20200105,   64.0, 8,   51.4, 8, 1016.1, 8, 9999.9, 0,   2.2, 8,   1.8, 8,   2.9, 999.9,   74.3*,  51.1 , 0.00I,999.9, 000000,
429210,99999, 20200106,   67.5, 8,   55.0, 8, 1016.4, 8, 9999.9, 0,   2.5, 8,   1.8, 8,   4.1, 999.9,   79.7*,  52.5 , 0.00I,999.9, 000000,
429210,99999, 20200107,   70.9, 8,   60.4, 8, 1014.2, 8, 9999.9, 0,   2.2, 8,   1.8, 8,   1.9, 999.9,   81.7*,  57.2 , 0.00I,999.9, 000000,
429210,99999, 20200108,   69.0, 8,   58.9, 8, 1014.1, 8, 9999.9, 0,   2.5, 8,   2.5, 8,   5.1, 999.9,   79.2*,  58.3*, 0.00I,999.9, 000000,
429210,99999, 20200109,   63.9, 8,   50.0, 8, 1015.6, 8, 9999.9, 0,   2.2, 8,   1.8, 8,   2.9, 999.9,   74.7*,  50.4 , 0.00I,999.9, 000000,
429210,99999, 20200110,   63.3, 8,   51.1, 8, 1016.8, 8, 9999.9, 0,   2.5, 8,   2.2, 8,   4.1, 999.9,   72.9*,  51.4 , 0.00I,999.9, 000000,
429210,99999, 20200111,   66.5, 6,   55.5, 6, 1016.9, 6, 9999.9, 0,   2.1, 6,   2.5, 6,   4.1, 999.9,   79.7*,  54.5 , 0.00I,999.9, 000000,
429210,99999, 20200112,   71.3, 7,   59.5, 7, 1015.0, 7, 9999.9, 0,   2.5, 7,   1.0, 7,   2.9, 999.9,   81.5*,  59.9*, 0.00I,999.9, 000000,
429210,99999, 20200113,   70.5, 7,   61.1, 7, 1012.9, 7, 9999.9, 0,   2.1, 7,   1.7, 7,   4.1, 999.9,   80.1*,  59.9 , 0.00I,999.9, 000000,
429210,99999, 20200114,   68.7, 8,   59.4, 8, 1013.6, 8, 9999.9, 0,   2.3, 8,   2.0, 8,   6.0, 999.9,   77.0*,  59.0 , 0.00I,999.9, 000000,
429210,99999, 20200115,   65.4, 8,   54.2, 8, 1013.7, 8, 9999.9, 0,   2.2, 8,   2.0, 8,   5.1, 999.9,   74.7*,  56.1 , 0.00I,999.9, 000000,
429210,99999, 20200116,   60.8, 8,   46.0, 8, 1015.1, 8, 9999.9, 0,   2.5, 8,   2.0, 8,   6.0, 999.9,   70.9*,  49.6 , 0.00I,999.9, 000000,
429210,99999, 20200117,   59.2, 8,   40.7, 8, 1016.1, 8, 9999.9, 0,   2.2, 8,   0.5, 8,   1.9, 999.9,   74.5*,  42.8 , 0.00I,999.9, 000000,
429210,99999, 20200118,   64.6, 8,   48.9, 8, 1015.4, 8, 9999.9, 0,   2.5, 8,   0.7, 8,   1.9, 999.9,   79.7*,  46.0 , 0.00I,999.9, 000000,
429210,99999, 20200119,   67.1, 8,   55.1, 8, 1015.8, 8, 9999.9, 0,   2.3, 8,   0.8, 8,   4.1, 999.9,   81.5*,  51.8 , 0.00I,999.9, 000000,
429210,99999, 20200120,   69.2, 8,   54.9, 8, 1015.5, 8, 9999.9, 0,   2.5, 8,   1.2, 8,   4.1, 999.9,   83.5*,  54.9 , 0.00I,999.9, 000000,
429210,99999, 20200121,   71.7, 8,   57.4, 8, 1015.5, 8, 9999.9, 0,   2.2, 8,   1.1, 8,   2.9, 999.9,   86.4*,  56.3 , 0.00I,999.9, 000000,
429210,99999, 20200122,   72.7, 8,   58.7, 8, 1016.2, 8, 9999.9, 0,   2.3, 8,   0.5, 8,   1.9, 999.9,   85.3*,  59.0 , 0.00I,999.9, 000000,
429210,99999, 20200123,   71.4, 8,   58.4, 8, 1016.2, 8, 9999.9, 0,   2.3, 8,   1.0, 8,   1.9, 999.9,   82.8*,  59.0 , 0.00I,999.9, 000000,
429210,99999, 20200124,   71.9, 8,   56.9, 8, 1015.5, 8, 9999.9, 0,   2.5, 8,   1.0, 8,   1.9, 999.9,   84.2*,  58.8 , 0.00I,999.9, 000000,
429210,99999, 20200125,   72.8, 8,   57.1, 8, 1014.8, 8, 9999.9, 0,   2.2, 8,   0.8, 8,   2.9, 999.9,   86.0*,  57.9 , 0.00I,999.9, 000000,
429210,99999, 20200126,   74.1, 8,   55.1, 8, 1014.1, 8, 9999.9, 0,   2.3, 8,   0.5, 8,   1.9, 999.9,   88.9*,  57.4 , 0.00I,999.9, 000000,
429210,99999, 20200127,   70.9, 8,   51.7, 8, 1012.0, 8, 9999.9, 0,   2.3, 8,   2.0, 8,   6.0, 999.9,   86.4*,  59.0 , 0.00I,999.9, 000000,
429210,99999, 20200128,   66.9, 8,   57.4, 8, 1013.4, 8, 9999.9, 0,   2.3, 8,   3.5, 8,   6.0, 999.9,   75.6*,  58.1 , 0.00I,999.9, 000000,
429210,99999, 20200129,   63.7, 8,   47.9, 8, 1015.9, 8, 9999.9, 0,   2.2, 8,   1.4, 8,   4.1, 999.9,   73.8*,  54.7*, 0.00I,999.9, 000000,
429210,99999, 20200130,   64.0, 8,   46.7, 8, 1015.8, 8, 9999.9, 0,   2.3, 8,   1.0, 8,   2.9, 999.9,   78.1*,  46.2 , 0.00I,999.9, 000000,
429210,99999, 20200131,   66.3, 8,   50.9, 8, 1013.5, 8, 9999.9, 0,   2.2, 8,   1.2, 8,   4.1, 999.9,   81.0*,  51.4 , 0.00I,999.9, 000000,
429210,99999, 20200201,   67.9, 8,   53.5, 8, 1014.4, 8, 9999.9, 0,   2.5, 8,   2.1, 8,   6.0, 999.9,   79.7*,  50.4 , 0.00I,999.9, 000000,
429210,99999, 20200202,   68.1, 8,   53.5, 8, 1015.9, 8, 9999.9, 0,   2.5, 8,   1.8, 8,   4.1, 999.9,   79.9*,  56.5 , 0.00I,999.9, 000000,
429210,99999, 20200203,   70.7, 8,   55.0, 8, 1015.0, 8, 9999.9, 0,   2.5, 8,   1.8, 8,   4.1, 999.9,   84.6*,  54.5 , 0.00I,999.9, 000000,
429210,99999, 20200204,   69.1, 8,   49.8, 8, 1014.3, 8, 9999.9, 0,   2.2, 8,   1.5, 8,   4.1, 999.9,   82.4*,  55.4 , 0.00I,999.9, 000000,
429210,99999, 20200205,   69.9, 7,   49.0, 7, 1014.3, 7, 9999.9, 0,   2.5, 7,   1.8, 7,   4.1, 999.9,   83.5*,  51.6 , 0.00I,999.9, 000000,
429210,99999, 20200206,   67.9, 8,   45.4, 8, 1013.5, 8, 9999.9, 0,   2.3, 8,   1.6, 8,   4.1, 999.9,   81.9*,  54.1 , 0.00I,999.9, 000000,
429210,99999, 20200207,   67.1, 8,   46.6, 8, 1014.8, 8, 9999.9, 0,   2.5, 8,   1.2, 8,   2.9, 999.9,   81.0*,  50.0 , 0.00I,999.9, 000000,
429210,99999, 20200208,   67.4, 8,   52.0, 8, 1016.6, 8, 9999.9, 0,   2.3, 8,   1.4, 8,   4.1, 999.9,   77.9*,  53.6 , 0.00I,999.9, 000000,
429210,99999, 20200209,   67.2, 8,   50.8, 8, 1017.1, 8, 9999.9, 0,   2.5, 8,   2.1, 8,   4.1, 999.9,   77.4*,  56.7 , 0.00I,999.9, 000000,
429210,99999, 20200210,   69.4, 7,   58.3, 7, 1015.2, 7, 9999.9, 0,   2.1, 7,   3.0, 7,  32.1, 999.9,   79.7*,  56.5 , 0.00I,999.9, 000000,
429210,99999, 20200211,   72.3, 7,   60.8, 7, 1015.9, 7, 9999.9, 0,   2.3, 7,   2.0, 7,   5.1, 999.9,   81.5*,  60.4 , 0.00I,999.9, 000000,
429210,99999, 20200212,   75.5, 8,   60.0, 8, 1017.1, 8, 9999.9, 0,   2.5, 8,   1.1, 8,   2.9, 999.9,   84.6*,  66.6 , 0.00I,999.9, 000000,
429210,99999, 20200213,   76.5, 8,   55.8, 8, 1016.2, 8, 9999.9, 0,   2.5, 8,   1.6, 8,   4.1, 999.9,   87.1*,  64.9 , 0.00I,999.9, 000000,
429210,99999, 20200214,   72.3, 7,   53.2, 7, 1014.6, 7, 9999.9, 0,   2.3, 7,   0.6, 7,   1.9, 999.9,   85.5*,  59.9 , 0.00I,999.9, 000000,
429210,99999, 20200215,   74.3, 8,   53.4, 8, 1013.6, 8, 9999.9, 0,   2.5, 8,   1.1, 8,   1.9, 999.9,   88.2*,  57.9 , 0.00I,999.9, 000000,
429210,99999, 20200216,   75.3, 8,   54.5, 8, 1014.5, 8, 9999.9, 0,   2.5, 8,   1.4, 8,   4.1, 999.9,   87.3*,  59.0 , 0.00I,999.9, 000000,
429210,99999, 20200217,   76.0, 8,   54.2, 8, 1015.7, 8, 9999.9, 0,   2.5, 8,   0.7, 8,   1.9, 999.9,   88.2*,  60.6 , 0.00I,999.9, 000000,
429210,99999, 20200218,   77.2, 8,   52.3, 8, 1014.7, 8, 9999.9, 0,   2.3, 8,   1.2, 8,   4.1, 999.9,   91.8*,  59.9 , 0.00I,999.9, 000000,
429210,99999, 20200219,   77.3, 8,   52.2, 8, 1013.5, 8, 9999.9, 0,   2.5, 8,   1.5, 8,   4.1, 999.9,   90.9*,  59.0 , 0.00I,999.9, 000000,
429210,99999, 20200220,   76.7, 8,   52.9, 8, 1012.7, 8, 9999.9, 0,   2.3, 8,   2.1, 8,   4.1, 999.9,   90.5*,  59.5 , 0.00I,999.9, 000000,
429210,99999, 20200221,   76.1, 8,   52.5, 8, 1015.0, 8, 9999.9, 0,   2.3, 8,   1.0, 8,   4.1, 999.9,   90.0*,  59.4 , 0.00I,999.9, 000000,
429210,99999, 20200222,   76.8, 8,   53.9, 8, 1015.7, 8, 9999.9, 0,   2.3, 8,   0.7, 8,   2.9, 999.9,   91.4*,  59.0 , 0.00I,999.9, 000000,
429210,99999, 20200223,   76.9, 8,   48.3, 8, 1014.0, 8, 9999.9, 0,   2.5, 8,   1.6, 8,   6.0, 999.9,   93.2*,  60.6 , 0.00I,999.9, 000000,
429210,99999, 20200224,   76.6, 8,   46.8, 8, 1012.3, 8, 9999.9, 0,   2.5, 8,   1.1, 8,   4.1, 999.9,   90.9*,  57.9 , 0.00I,999.9, 000000,
429210,99999, 20200225,   74.0, 7,   42.6, 7, 1013.2, 7, 9999.9, 0,   2.5, 7,   2.1, 7,   4.1, 999.9,   84.6*,  55.4 , 0.00I,999.9, 000000,
429210,99999, 20200226,   71.9, 8,   39.7, 8, 1014.2, 8, 9999.9, 0,   2.3, 8,   3.0, 8,   9.9, 999.9,   86.4 ,  55.0 , 0.00I,999.9, 000000,
429210,99999, 20200227,   72.5, 8,   42.3, 8, 1013.5, 8, 9999.9, 0,   2.5, 8,   1.0, 8,   2.9, 999.9,   87.3*,  53.6 , 0.00I,999.9, 000000,
429210,99999, 20200228,   75.5, 8,   46.8, 8, 1011.1, 8, 9999.9, 0,   2.5, 8,   0.7, 8,   1.9, 999.9,   90.7*,  55.6 , 0.00I,999.9, 000000,
429210,99999, 20200229,   75.9, 8,   50.5, 8, 1010.6, 8, 9999.9, 0,   2.3, 8,   1.8, 8,   4.1, 999.9,   91.8*,  59.0 , 0.00I,999.9, 000000,
429210,99999, 20200301,   78.8, 7,   49.5, 7, 1011.1, 7, 9999.9, 0,   2.5, 7,   2.2, 7,   5.1, 999.9,   90.7*,  60.1 , 0.00I,999.9, 000000,
429210,99999, 20200302,   74.7, 8,   46.8, 8, 1012.0, 8, 9999.9, 0,   2.5, 8,   1.7, 8,   4.1, 999.9,   90.5*,  58.5 , 0.00I,999.9, 000000,
429210,99999, 20200303,   72.9, 8,   51.5, 8, 1012.1, 8, 9999.9, 0,   2.5, 8,   1.8, 8,   2.9, 999.9,   87.1*,  56.8 , 0.00I,999.9, 000000,
429210,99999, 20200304,   69.3, 7,   54.9, 7, 1012.4, 7, 9999.9, 0,   2.5, 7,   2.1, 7,   4.1, 999.9,   81.9*,  58.3 , 0.00I,999.9, 000000,
429210,99999, 20200305,   72.2, 8,   55.0, 8, 1010.7, 8, 9999.9, 0,   2.5, 8,   2.3, 8,   5.1, 999.9,   85.1*,  57.9 , 0.00I,999.9, 000000,
429210,99999, 20200306,   71.2, 8,   57.5, 8, 1010.8, 8, 9999.9, 0,   2.3, 8,   2.4, 8,   4.1, 999.9,   80.1*,  61.9 , 0.00I,999.9, 000000,
429210,99999, 20200307,   68.2, 8,   52.7, 7, 1013.0, 8, 9999.9, 0,   2.5, 8,   1.5, 8,   4.1, 999.9,   83.3*,  53.1*, 0.00I,999.9, 000000,
429210,99999, 20200308,   73.6, 8,   50.0, 8, 1012.3, 8, 9999.9, 0,   2.5, 8,   1.6, 8,   4.1, 999.9,   88.9*,  54.1 , 0.00I,999.9, 000000,
429210,99999, 20200309,   75.7, 8,   51.8, 8, 1011.0, 8, 9999.9, 0,   2.3, 8,   2.1, 8,   4.1, 999.9,   88.9*,  61.9 , 0.00I,999.9, 000000,
429210,99999, 20200310,   71.2, 8,   56.4, 8, 1011.4, 8, 9999.9, 0,   2.5, 8,   2.5, 8,   6.0, 999.9,   80.1*,  61.2 , 0.00I,999.9, 000000,
429210,99999, 20200311,   70.9, 8,   54.1, 8, 1012.3, 8, 9999.9, 0,   2.5, 8,   1.7, 8,   2.9, 999.9,   81.5*,  60.4 , 0.00I,999.9, 000000,
429210,99999, 20200312,   68.1, 7,   55.0, 7, 1014.3, 7, 9999.9, 0,   2.5, 7,   2.9, 7,   6.0, 999.9,   80.1*,  57.6 , 0.00I,999.9, 000000,
429210,99999, 20200313,   70.0, 8,   43.5, 8, 1014.6, 8, 9999.9, 0,   2.3, 8,   1.6, 8,   2.9, 999.9,   84.6*,  53.6 , 0.00I,999.9, 000000,
429210,99999, 20200314,   71.7, 8,   41.9, 8, 1013.2, 8, 9999.9, 0,   2.5, 8,   0.7, 8,   1.9, 999.9,   87.1*,  52.9 , 0.00I,999.9, 000000,
429210,99999, 20200315,   73.9, 8,   43.5, 8, 1013.0, 8, 9999.9, 0,   2.5, 8,   1.7, 8,   4.1, 999.9,   86.9*,  54.7 , 0.00I,999.9, 000000,
429210,99999, 20200316,   78.8, 8,   47.8, 8, 1013.1, 8, 9999.9, 0,   2.5, 8,   1.5, 8,   4.1, 999.9,   92.5*,  59.4 , 0.00I,999.9, 000000,
429210,99999, 20200317,   80.2, 8,   53.9, 8, 1013.0, 8, 9999.9, 0,   2.5, 8,   1.0, 8,   1.9, 999.9,   94.3*,  63.3 , 0.00I,999.9, 000000,
429210,99999, 20200318,   80.6, 8,   50.0, 8, 1012.6, 8, 9999.9, 0,   2.5, 8,   1.7, 8,   2.9, 999.9,   95.4*,  64.0 , 0.00I,999.9, 000000,
429210,99999, 20200319,   78.6, 8,   37.9, 8, 1011.8, 8, 9999.9, 0,   2.5, 8,   1.5, 8,   2.9, 999.9,   94.1*,  59.9 , 0.00I,999.9, 000000,
429210,99999, 20200320,   73.9, 7,   46.8, 7, 1011.8, 7, 9999.9, 0,   2.5, 7,   2.0, 7,   5.1, 999.9,   89.1*,  61.5 , 0.00I,999.9, 000000,
429210,99999, 20200321,   77.0, 8,   54.1, 8, 1012.0, 8, 9999.9, 0,   2.5, 8,   2.1, 8,   5.1, 999.9,   90.7*,  59.7 , 0.00I,999.9, 000000,
429210,99999, 20200322,   80.7, 8,   57.2, 8, 1011.6, 8, 9999.9, 0,   2.5, 8,   2.0, 8,   4.1, 999.9,   94.1*,  62.6 , 0.00I,999.9, 000000,
429210,99999, 20200323,   83.7, 8,   56.7, 8, 1010.4, 8, 9999.9, 0,   2.5, 8,   1.0, 8,   4.1, 999.9,   96.1*,  67.6 , 0.00I,999.9, 000000,
429210,99999, 20200324,   84.1, 8,   56.6, 8, 1008.8, 8, 9999.9, 0,   2.3, 8,   2.8, 8,   5.1, 999.9,   96.8*,  68.7 , 0.00I,999.9, 000000,
429210,99999, 20200325,   81.7, 7,   60.0, 7, 1009.8, 7, 9999.9, 0,   2.3, 7,   1.3, 7,   4.1, 999.9,   94.5*,  72.1 ,99.99 ,999.9, 010010,
429210,99999, 20200326,   81.2, 7,   64.8, 7, 1010.6, 7, 9999.9, 0,   2.5, 7,   2.6, 7,   6.0, 999.9,   92.3*,  66.6 , 0.00I,999.9, 000000,
429210,99999, 20200327,   78.5, 6,   63.4, 6, 1012.7, 6, 9999.9, 0,   2.5, 6,   1.2, 6,   4.1, 999.9,   88.7*,  70.3 , 0.00I,999.9, 000000,
429210,99999, 20200328,   81.0, 8,   59.9, 8, 1011.7, 8, 9999.9, 0,   2.5, 8,   2.3, 8,   5.1, 999.9,   93.2*,  67.5 , 0.00I,999.9, 000000,
429210,99999, 20200329,   83.5, 8,   57.0, 8, 1010.0, 8, 9999.9, 0,   2.5, 8,   1.1, 8,   5.1, 999.9,   95.0*,  67.6 , 0.00I,999.9, 000000,
429210,99999, 20200330,   80.6, 8,   57.7, 8, 1010.5, 8, 9999.9, 0,   2.5, 8,   1.7, 8,   4.1, 999.9,   95.4*,  67.1 , 0.00I,999.9, 000000,
429210,99999, 20200331,   82.9, 8,   51.4, 8, 1011.0, 8, 9999.9, 0,   2.5, 8,   1.2, 8,   1.9, 999.9,   94.5*,  66.6 , 0.00I,999.9, 000000,
429210,99999, 20200401,   82.0, 8,   48.6, 8, 1010.8, 8, 9999.9, 0,   2.5, 8,   1.9, 8,   5.1, 999.9,   97.2*,  64.4 , 0.00I,999.9, 000000,
429210,99999, 20200402,   84.2, 8,   51.9, 8, 1009.1, 8, 9999.9, 0,   2.5, 8,   1.2, 8,   2.9, 999.9,   97.9*,  66.2 , 0.00I,999.9, 000000,
429210,99999, 20200403,   86.1, 8,   53.6, 8, 1009.1, 8, 9999.9, 0,   2.5, 8,   1.1, 8,   1.9, 999.9,   98.6*,  70.2 , 0.00I,999.9, 000000,
429210,99999, 20200404,   85.2, 8,   48.8, 8, 1009.8, 8, 9999.9, 0,   2.5, 8,   0.6, 8,   1.9, 999.9,   98.6*,  68.4 , 0.00I,999.9, 000000,
429210,99999, 20200405,   85.5, 8,   46.1, 8, 1010.2, 8, 9999.9, 0,   2.5, 8,   1.4, 8,   4.1, 999.9,  100.8*,  66.2 , 0.00I,999.9, 000000,
429210,99999, 20200406,   85.4, 7,   51.5, 7, 1011.1, 7, 9999.9, 0,   2.5, 7,   2.6, 7,   4.1, 999.9,   97.9*,  68.0 , 0.00I,999.9, 000000,
429210,99999, 20200407,   83.4, 7,   53.2, 7, 1009.8, 7, 9999.9, 0,   2.5, 7,   1.8, 7,   4.1, 999.9,   96.1*,  68.0 , 0.00I,999.9, 000000,
