STN---,WBAN , YEARMODA,   TEMP,  ,   DEWP,  ,  SLP  ,  ,  STP  ,  , VISIB,  ,  WDSP,  , MXSPD,  GUST,   MAX  ,  MIN  ,PRCP  ,SNDP , FRSHTT,
431920,99999, 20200101,   78.1, 8,   69.0, 8, 1013.0, 8, 9999.9, 0,   2.5, 8,   0.9, 8,   5.1, 999.9,   88.9 ,  68.7 , 0.00I,999.9, 000000,
431920,99999, 20200102,   78.8, 8,   69.1, 8, 1014.3, 8, 9999.9, 0,   2.5, 8,   3.1, 8,   8.0, 999.9,   88.9*,  70.3 , 0.00I,999.9, 000000,
431920,99999, 20200103,   77.2, 8,   67.4, 8, 1013.0, 8, 9999.9, 0,   2.5, 8,   1.4, 8,   5.1, 999.9,   88.9*,  69.4 , 0.00I,999.9, 000000,
431920,99999, 20200104,   74.8, 8,   64.4, 8, 1012.7, 8, 9999.9, 0,   2.5, 8,   3.8, 8,   8.0, 999.9,   89.8 ,  67.3*, 0.00I,999.9, 000000,
431920,99999, 20200105,   75.4, 8,   65.6, 8, 1011.8, 8, 9999.9, 0,   2.5, 8,   1.5, 8,   4.1, 999.9,   85.6*,  65.5 , 0.00I,999.9, 000000,
431920,99999, 20200106,   81.2, 8,   72.3, 8, 1012.5, 8, 9999.9, 0,   2.5, 8,   1.3, 8,   4.1, 999.9,   92.8*,  69.8 , 0.00I,999.9, 000000,
431920,99999, 20200107,   82.0, 8,   73.6, 8, 1012.1, 8, 9999.9, 0,   2.5, 8,   1.8, 8,   4.1, 999.9,   89.6*,  75.7 , 0.00I,999.9, 000000,
431920,99999, 20200108,   80.6, 8,   72.1, 8, 1012.0, 8, 9999.9, 0,   2.5, 8,   0.2, 8,   1.9, 999.9,   91.4 ,  74.1*, 0.00I,999.9, 000000,
431920,99999, 20200109,   78.9, 8,   70.2, 8, 1012.1, 8, 9999.9, 0,   2.5, 8,   0.0, 8, 999.9, 999.9,   88.9*,  71.2 , 0.00I,999.9, 000000,
431920,99999, 20200110,   79.7, 8,   71.8, 8, 1011.8, 8, 9999.9, 0,   2.5, 8,   0.5, 8,   1.9, 999.9,   90.3*,  71.1 , 0.00I,999.9, 000000,
431920,99999, 20200111,   79.8, 6,   70.1, 6, 1012.9, 6, 9999.9, 0,   2.5, 6,   1.0, 6,   6.0, 999.9,   90.0*,  73.0 , 0.00I,999.9, 000000,
431920,99999, 20200112,   79.2, 8,   69.0, 8, 1012.7, 8, 9999.9, 0,   2.5, 8,   2.2, 8,   4.1, 999.9,   90.7*,  70.3 , 0.00I,999.9, 000000,
431920,99999, 20200113,   80.8, 6,   69.6, 6, 1011.4, 6, 9999.9, 0,   2.5, 6,   0.6, 6,   1.9, 999.9,   89.6*,  70.5 , 0.00I,999.9, 000000,
431920,99999, 20200114,   79.0, 8,   70.0, 8, 1010.7, 8, 9999.9, 0,   2.5, 8,   1.1, 8,   5.1, 999.9,   90.0 ,  70.9 , 0.00I,999.9, 000000,
431920,99999, 20200115,   77.3, 8,   68.5, 8, 1011.5, 8, 9999.9, 0,   2.5, 8,   2.9, 8,   8.0, 999.9,   89.6 ,  70.5 , 0.00I,999.9, 000000,
431920,99999, 20200116,   76.0, 8,   62.4, 8, 1012.5, 8, 9999.9, 0,   2.5, 8,   2.1, 8,   4.1, 999.9,   88.3 ,  67.6 , 0.00I,999.9, 000000,
431920,99999, 20200117,   73.4, 8,   59.3, 8, 1012.9, 8, 9999.9, 0,   2.5, 8,   2.5, 8,   5.1, 999.9,   84.9*,  64.9 , 0.00I,999.9, 000000,
431920,99999, 20200118,   75.4, 8,   64.9, 8, 1011.5, 8, 9999.9, 0,   2.5, 8,   1.1, 8,   2.9, 999.9,   86.7*,  64.8 , 0.00I,999.9, 000000,
431920,99999, 20200119,   78.7, 8,   70.7, 8, 1012.0, 8, 9999.9, 0,   2.5, 8,   1.4, 8,   5.1, 999.9,   89.6 ,  69.8 , 0.00I,999.9, 000000,
431920,99999, 20200120,   80.5, 8,   72.3, 8, 1012.1, 8, 9999.9, 0,   2.5, 8,   1.0, 8,   2.9, 999.9,   88.5*,  72.1 , 0.00I,999.9, 000000,
431920,99999, 20200121,   81.1, 8,   72.1, 8, 1012.8, 8, 9999.9, 0,   2.5, 8,   1.6, 8,   4.1, 999.9,   91.4*,  72.5 , 0.00I,999.9, 000000,
431920,99999, 20200122,   80.7, 8,   68.6, 8, 1013.1, 8, 9999.9, 0,   2.5, 8,   1.9, 8,   2.9, 999.9,   92.5*,  71.4 , 0.00I,999.9, 000000,
431920,99999, 20200123,   82.0, 8,   69.2, 8, 1012.3, 8, 9999.9, 0,   2.5, 8,   2.3, 8,   2.9, 999.9,   96.8*,  71.8 , 0.00I,999.9, 000000,
431920,99999, 20200124,   81.2, 8,   68.4, 8, 1012.3, 8, 9999.9, 0,   2.5, 8,   1.8, 8,   4.1, 999.9,   97.2 ,  70.5 , 0.00I,999.9, 000000,
431920,99999, 20200125,   80.2, 8,   69.8, 8, 1012.1, 8, 9999.9, 0,   2.5, 8,   1.7, 8,   5.1, 999.9,   94.3*,  70.3 , 0.00I,999.9, 000000,
431920,99999, 20200126,   80.3, 8,   70.0, 8, 1011.4, 8, 9999.9, 0,   2.5, 8,   1.6, 8,   2.9, 999.9,   90.7*,  69.8 , 0.00I,999.9, 000000,
431920,99999, 20200127,   79.6, 8,   71.8, 8, 1011.6, 8, 9999.9, 0,   2.5, 8,   2.1, 8,   5.1, 999.9,   88.9 ,  72.1 , 0.00I,999.9, 000000,
431920,99999, 20200128,   79.1, 8,   71.4, 8, 1012.3, 8, 9999.9, 0,   2.5, 8,   2.6, 8,   5.1, 999.9,   88.9 ,  71.6 , 0.00I,999.9, 000000,
431920,99999, 20200129,   78.1, 8,   68.2, 8, 1013.6, 8, 9999.9, 0,   2.5, 8,   2.8, 8,   4.1, 999.9,   89.2 ,  70.3 , 0.00I,999.9, 000000,
431920,99999, 20200130,   76.2, 8,   66.1, 8, 1013.2, 8, 9999.9, 0,   2.5, 8,   3.1, 8,   8.0, 999.9,   89.6 ,  68.0 , 0.00I,999.9, 000000,
431920,99999, 20200131,   75.9, 8,   67.8, 8, 1011.7, 8, 9999.9, 0,   2.5, 8,   2.2, 8,   4.1, 999.9,   86.0*,  68.2 , 0.00I,999.9, 000000,
431920,99999, 20200201,   75.9, 8,   66.8, 8, 1012.1, 8, 9999.9, 0,   2.5, 8,   1.9, 8,   5.1, 999.9,   86.9 ,  67.1 , 0.00I,999.9, 000000,
431920,99999, 20200202,   77.4, 8,   69.1, 8, 1013.8, 8, 9999.9, 0,   2.5, 8,   2.7, 8,   6.0, 999.9,   87.8*,  66.6 , 0.00I,999.9, 000000,
431920,99999, 20200203,   78.4, 8,   70.6, 8, 1013.5, 8, 9999.9, 0,   2.5, 8,   1.6, 8,   5.1, 999.9,   87.8*,  70.3 , 0.00I,999.9, 000000,
431920,99999, 20200204,   78.9, 8,   70.0, 8, 1012.6, 8, 9999.9, 0,   2.5, 8,   4.0, 8,   6.0, 999.9,   88.9*,  70.7 , 0.00I,999.9, 000000,
431920,99999, 20200205,   78.6, 8,   70.4, 8, 1012.1, 8, 9999.9, 0,   2.5, 8,   2.8, 8,   6.0, 999.9,   88.5*,  70.3 , 0.00I,999.9, 000000,
431920,99999, 20200206,   77.2, 8,   67.9, 8, 1012.7, 8, 9999.9, 0,   2.5, 8,   2.4, 8,   4.1, 999.9,   86.7*,  70.2 , 0.00I,999.9, 000000,
431920,99999, 20200207,   75.3, 8,   64.0, 8, 1013.9, 8, 9999.9, 0,   2.5, 8,   2.9, 8,   8.0, 999.9,   84.6*,  67.6 , 0.00I,999.9, 000000,
431920,99999, 20200208,   74.5, 8,   62.4, 8, 1014.2, 8, 9999.9, 0,   2.5, 8,   2.9, 8,   4.1, 999.9,   85.3*,  65.1 , 0.00I,999.9, 000000,
431920,99999, 20200209,   76.5, 8,   65.3, 8, 1012.8, 8, 9999.9, 0,   2.5, 8,   3.4, 8,   5.1, 999.9,   87.8 ,  64.6 , 0.00I,999.9, 000000,
431920,99999, 20200210,   79.4, 8,   69.8, 8, 1011.7, 8, 9999.9, 0,   2.3, 8,   2.1, 8,   8.0, 999.9,   90.7*,  69.6 , 0.00I,999.9, 000000,
431920,99999, 20200211,   81.8, 8,   70.2, 8, 1012.2, 8, 9999.9, 0,   2.3, 8,   2.3, 8,   6.0, 999.9,   95.0*,  70.5 , 0.00I,999.9, 000000,
431920,99999, 20200212,   82.2, 8,   69.1, 8, 1013.9, 8, 9999.9, 0,   2.5, 8,   3.4, 8,  12.0, 999.9,   95.4 ,  73.6 , 0.00I,999.9, 000000,
431920,99999, 20200213,   82.0, 8,   70.1, 8, 1013.4, 8, 9999.9, 0,   2.5, 8,   2.0, 8,   4.1, 999.9,   95.0 ,  73.4 , 0.00I,999.9, 000000,
431920,99999, 20200214,   81.6, 8,   71.0, 8, 1011.7, 8, 9999.9, 0,   2.5, 8,   1.6, 8,   4.1, 999.9,   92.5*,  72.1 , 0.00I,999.9, 000000,
431920,99999, 20200215,   81.4, 8,   70.9, 8, 1011.3, 8, 9999.9, 0,   2.5, 8,   2.0, 8,   4.1, 999.9,   95.0 ,  72.0 , 0.00I,999.9, 000000,
431920,99999, 20200216,   80.6, 8,   72.8, 8, 1012.0, 8, 9999.9, 0,   2.5, 8,   2.0, 8,   4.1, 999.9,   88.9*,  71.2 , 0.00I,999.9, 000000,
431920,99999, 20200217,   82.1, 8,   69.0, 8, 1012.6, 8, 9999.9, 0,   2.5, 8,   1.7, 8,   2.9, 999.9,   95.0*,  72.0 , 0.00I,999.9, 000000,
431920,99999, 20200218,   82.1, 8,   67.2, 8, 1012.5, 8, 9999.9, 0,   2.5, 8,   2.1, 8,   4.1, 999.9,   93.6*,  70.2 , 0.00I,999.9, 000000,
431920,99999, 20200219,   81.0, 8,   71.7, 8, 1011.6, 8, 9999.9, 0,   2.5, 8,   2.6, 8,   5.1, 999.9,   91.4*,  71.1 , 0.00I,999.9, 000000,
431920,99999, 20200220,   82.1, 8,   73.3, 8, 1011.0, 8, 9999.9, 0,   2.5, 8,   2.0, 8,   6.0, 999.9,   91.8*,  73.0 , 0.00I,999.9, 000000,
431920,99999, 20200221,   82.0, 8,   70.5, 8, 1012.9, 8, 9999.9, 0,   2.5, 8,   2.6, 8,   5.1, 999.9,   91.8*,  73.0 , 0.00I,999.9, 000000,
431920,99999, 20200222,   82.2, 8,   69.1, 8, 1013.2, 8, 9999.9, 0,   2.5, 8,   2.4, 8,   6.0, 999.9,   95.5 ,  72.7*, 0.00I,999.9, 000000,
431920,99999, 20200223,   82.0, 8,   68.2, 8, 1012.2, 8, 9999.9, 0,   2.5, 8,   2.0, 8,   4.1, 999.9,   97.0 ,  70.9 , 0.00I,999.9, 000000,
431920,99999, 20200224,   82.4, 8,   71.2, 8, 1010.4, 8, 9999.9, 0,   2.5, 8,   3.1, 8,   4.1, 999.9,   93.7 ,  71.8 , 0.00I,999.9, 000000,
431920,99999, 20200225,   81.6, 8,   74.0, 8, 1009.6, 8, 9999.9, 0,   2.5, 8,   2.5, 8,   6.0, 999.9,   89.2*,  72.3 , 0.00I,999.9, 000000,
431920,99999, 20200226,   83.7, 8,   70.9, 8, 1010.2, 8, 9999.9, 0,   2.5, 8,   1.6, 8,   4.1, 999.9,   96.8 ,  73.9 , 0.00I,999.9, 000000,
431920,99999, 20200227,   83.2, 8,   71.8, 8, 1010.2, 8, 9999.9, 0,   2.5, 8,   1.4, 8,   4.1, 999.9,   92.5*,  71.1 , 0.00I,999.9, 000000,
431920,99999, 20200228,   85.0, 8,   75.1, 8, 1009.0, 8, 9999.9, 0,   2.5, 8,   1.6, 8,   2.9, 999.9,   93.6*,  75.7 , 0.00I,999.9, 000000,
431920,99999, 20200229,   83.8, 8,   75.3, 8, 1009.1, 8, 9999.9, 0,   2.5, 8,   2.6, 8,   8.0, 999.9,   90.5*,  76.6 , 0.00I,999.9, 000000,
431920,99999, 20200301,   82.7, 8,   74.5, 8, 1010.0, 8, 9999.9, 0,   2.5, 8,   2.5, 8,   6.0, 999.9,   90.7*,  72.1 , 0.00I,999.9, 000000,
431920,99999, 20200302,   82.6, 8,   71.6, 8, 1010.8, 8, 9999.9, 0,   2.5, 8,   2.4, 8,   8.0, 999.9,   91.4 ,  71.2 , 0.00I,999.9, 000000,
431920,99999, 20200303,   82.4, 8,   66.7, 8, 1011.5, 8, 9999.9, 0,   2.5, 8,   3.4, 8,   6.0, 999.9,   93.6 ,  72.0 , 0.00I,999.9, 000000,
431920,99999, 20200304,   80.9, 8,   68.9, 8, 1011.2, 8, 9999.9, 0,   2.5, 8,   3.3, 8,   8.0, 999.9,   93.6 ,  72.0 , 0.00I,999.9, 000000,
431920,99999, 20200305,   79.5, 8,   69.4, 8, 1010.6, 8, 9999.9, 0,   2.5, 8,   3.5, 8,   8.0, 999.9,   88.5*,  69.4 , 0.00I,999.9, 000000,
431920,99999, 20200306,   79.7, 8,   68.7, 8, 1011.0, 8, 9999.9, 0,   2.5, 8,   3.6, 8,   8.0, 999.9,   88.5*,  70.3 , 0.00I,999.9, 000000,
431920,99999, 20200307,   80.1, 8,   67.6, 8, 1011.8, 8, 9999.9, 0,   2.5, 8,   3.6, 8,   6.0, 999.9,   89.6*,  69.4 , 0.00I,999.9, 000000,
431920,99999, 20200308,   81.0, 8,   69.1, 8, 1011.3, 8, 9999.9, 0,   2.5, 8,   1.7, 8,   2.9, 999.9,   90.0*,  70.7 , 0.00I,999.9, 000000,
431920,99999, 20200309,   81.1, 8,   67.1, 8, 1010.4, 8, 9999.9, 0,   2.5, 8,   1.1, 8,   2.9, 999.9,   91.4 ,  70.5 , 0.00I,999.9, 000000,
431920,99999, 20200310,   80.6, 8,   69.1, 8, 1010.4, 8, 9999.9, 0,   2.5, 8,   3.2, 8,   9.9, 999.9,   91.0*,  70.0 , 0.00I,999.9, 000000,
431920,99999, 20200311,   81.3, 8,   70.1, 8, 1011.3, 8, 9999.9, 0,   2.5, 8,   3.0, 8,   5.1, 999.9,   90.7*,  71.6 , 0.00I,999.9, 000000,
431920,99999, 20200312,   80.8, 8,   66.7, 8, 1012.4, 8, 9999.9, 0,   2.5, 8,   2.0, 8,   4.1, 999.9,   91.4 ,  70.3 , 0.00I,999.9, 000000,
431920,99999, 20200313,   79.1, 8,   66.2, 8, 1012.5, 8, 9999.9, 0,   2.5, 8,   4.2, 8,   8.0, 999.9,   87.4*,  71.2 , 0.00I,999.9, 000000,
431920,99999, 20200314,   79.7, 8,   67.1, 8, 1010.3, 8, 9999.9, 0,   2.5, 8,   1.3, 8,   2.9, 999.9,   88.7*,  68.4 , 0.00I,999.9, 000000,
431920,99999, 20200315,   81.4, 8,   70.2, 8, 1009.7, 8, 9999.9, 0,   2.5, 8,   2.6, 8,   8.0, 999.9,   90.3*,  70.5 , 0.00I,999.9, 000000,
431920,99999, 20200316,   83.0, 8,   74.6, 8, 1011.0, 8, 9999.9, 0,   2.5, 8,   2.2, 8,   5.1, 999.9,   90.7 ,  73.8 , 0.00I,999.9, 000000,
431920,99999, 20200317,   84.2, 8,   76.4, 8, 1011.7, 8, 9999.9, 0,   2.5, 8,   1.6, 8,   4.1, 999.9,   90.7*,  75.4 , 0.00I,999.9, 000000,
431920,99999, 20200318,   84.6, 8,   76.9, 8, 1011.7, 8, 9999.9, 0,   2.5, 8,   2.5, 8,   4.1, 999.9,   92.1*,  77.7 , 0.00I,999.9, 000000,
431920,99999, 20200319,   84.2, 8,   71.3, 8, 1010.9, 8, 9999.9, 0,   2.5, 8,   3.3, 8,   5.1, 999.9,   92.1*,  74.5 , 0.00I,999.9, 000000,
431920,99999, 20200320,   82.0, 8,   68.5, 8, 1011.4, 8, 9999.9, 0,   2.5, 8,   2.0, 8,   4.1, 999.9,   93.9*,  71.6 , 0.00I,999.9, 000000,
431920,99999, 20200321,   81.2, 8,   69.8, 8, 1010.8, 8, 9999.9, 0,   2.5, 8,   3.7, 8,   6.0, 999.9,   89.2*,  70.3 , 0.00I,999.9, 000000,
431920,99999, 20200322,   82.2, 8,   73.4, 8, 1011.0, 8, 9999.9, 0,   2.5, 8,   2.9, 8,   5.1, 999.9,   89.6*,  72.1 , 0.00I,999.9, 000000,
431920,99999, 20200323,   82.3, 8,   75.3, 8, 1010.1, 8, 9999.9, 0,   2.5, 8,   1.5, 8,   8.9, 999.9,   88.5*,  73.9 , 0.00I,999.9, 000000,
431920,99999, 20200324,   82.9, 8,   76.0, 8, 1008.5, 8, 9999.9, 0,   2.5, 8,   2.7, 8,   6.0, 999.9,   89.6*,  74.1 , 0.00I,999.9, 000000,
431920,99999, 20200325,   84.1, 7,   76.5, 7, 1008.9, 7, 9999.9, 0,   2.5, 7,   2.4, 7,   6.0, 999.9,   90.7*,  77.5 , 0.00I,999.9, 000000,
431920,99999, 20200326,   84.3, 8,   77.2, 8, 1009.3, 8, 9999.9, 0,   2.5, 8,   2.4, 8,   8.0, 999.9,   91.0 ,  76.3 , 0.00I,999.9, 000000,
431920,99999, 20200327,   85.4, 8,   77.2, 8, 1010.6, 8, 9999.9, 0,   2.5, 8,   3.0, 8,   6.0, 999.9,   92.1*,  79.0 , 0.00I,999.9, 000000,
431920,99999, 20200328,   85.0, 8,   77.9, 8, 1009.5, 8, 9999.9, 0,   2.5, 8,   1.4, 8,   6.0, 999.9,   92.1*,  76.6 , 0.00I,999.9, 000000,
431920,99999, 20200329,   85.4, 8,   79.3, 8, 1008.9, 8, 9999.9, 0,   2.5, 8,   2.7, 8,   6.0, 999.9,   92.5*,  77.4 , 0.00I,999.9, 000000,
431920,99999, 20200330,   86.1, 7,   77.9, 7, 1009.8, 7, 9999.9, 0,   2.5, 7,   2.7, 7,   5.1, 999.9,   93.6 ,  77.4 , 0.00I,999.9, 000000,
431920,99999, 20200331,   86.1, 7,   74.0, 7, 1010.0, 7, 9999.9, 0,   2.5, 7,   2.4, 7,   6.0, 999.9,   92.8*,  77.9 , 0.00I,999.9, 000000,
431920,99999, 20200401,   84.6, 8,   74.4, 8, 1009.2, 8, 9999.9, 0,   2.5, 8,   2.5, 8,   6.0, 999.9,   91.8*,  76.5 , 0.00I,999.9, 000000,
431920,99999, 20200402,   83.9, 7,   76.5, 7, 1008.8, 7, 9999.9, 0,   2.5, 7,   2.1, 7,   6.0, 999.9,   91.4*,  76.6 , 0.00I,999.9, 000000,
431920,99999, 20200403,   84.4, 8,   76.3, 8, 1009.1, 8, 9999.9, 0,   2.5, 8,   3.0, 8,   6.0, 999.9,   90.7*,  78.1 , 0.00I,999.9, 000000,
431920,99999, 20200404,   84.8, 8,   76.2, 8, 1009.9, 8, 9999.9, 0,   2.5, 8,   1.9, 8,   4.1, 999.9,   90.3*,  78.8 , 0.00I,999.9, 000000,
431920,99999, 20200405,   86.3, 8,   77.3, 8, 1011.6, 8, 9999.9, 0,   2.5, 8,   1.5, 8,   6.0, 999.9,   91.4*,  79.9 ,99.99 ,999.9, 010000,
431920,99999, 20200406,   86.4, 7,   77.6, 7, 1011.4, 7, 9999.9, 0,   2.5, 7,   2.2, 7,   6.0, 999.9,   92.5*,  82.0 , 0.00G,999.9, 000000,
431920,99999, 20200407,   85.6, 7,   76.4, 7, 1011.1, 7, 9999.9, 0,   2.5, 7,   2.3, 7,   5.1, 999.9,   91.4*,  78.3 , 0.00I,999.9, 000000,
