STN---,WBAN , YEARMODA,   TEMP,  ,   DEWP,  ,  SLP  ,  ,  STP  ,  , VISIB,  ,  WDSP,  , MXSPD,  GUST,   MAX  ,  MIN  ,PRCP  ,SNDP , FRSHTT,
424920,99999, 20200101,   59.4,24,   56.2,24, 9999.9, 0, 9999.9, 0,   0.7,24,   1.4,24,   5.1, 999.9,   69.8*,  47.1 ,99.99 ,999.9, 110000,
424920,99999, 20200102,   59.7,24,   57.0,24, 9999.9, 0, 9999.9, 0,   0.7,24,   1.2,24,   5.1, 999.9,   68.0*,  51.1 , 0.00G,999.9, 100000,
424920,99999, 20200103,   61.5,24,   59.3,24, 9999.9, 0, 9999.9, 0,   1.2,24,   2.1,24,   6.0, 999.9,   71.6*,  53.6 , 0.00E,999.9, 100000,
424920,99999, 20200104,   58.1,24,   57.8,24, 9999.9, 0, 9999.9, 0,   0.9,24,   2.3,24,   7.0, 999.9,   64.4*,  51.8*, 0.00G,999.9, 100000,
424920,99999, 20200105,   56.9,24,   56.2,24, 9999.9, 0, 9999.9, 0,   1.0,24,   4.7,24,   8.9, 999.9,   64.4*,  50.0*, 0.00I,999.9, 100000,
424920,99999, 20200106,   55.9,24,   54.8,24, 9999.9, 0, 9999.9, 0,   0.7,24,   1.2,24,   5.1, 999.9,   63.3*,  49.3 , 0.00I,999.9, 100000,
424920,99999, 20200107,   57.4,24,   55.7,24, 9999.9, 0, 9999.9, 0,   0.6,24,   0.6,24,   4.1, 999.9,   68.0*,  48.2*, 0.00I,999.9, 100000,
424920,99999, 20200108,   59.9,24,   58.5,24, 9999.9, 0, 9999.9, 0,   0.8,24,   4.4,24,   8.0, 999.9,   68.0*,  49.6 ,99.99 ,999.9, 110010,
424920,99999, 20200109,   60.9,24,   60.5,24, 9999.9, 0, 9999.9, 0,   0.8,24,   4.0,24,   8.0, 999.9,   68.0*,  55.4*, 0.59G,999.9, 110000,
424920,99999, 20200110,   57.5,24,   56.6,24, 9999.9, 0, 9999.9, 0,   1.1,24,   4.8,24,   7.0, 999.9,   64.4*,  48.2*, 0.00G,999.9, 100000,
424920,99999, 20200111,   55.1,23,   50.7,23, 9999.9, 0, 9999.9, 0,   1.4,23,   2.8,23,   8.0, 999.9,   65.1*,  46.4*, 0.00I,999.9, 000000,
424920,99999, 20200112,   51.1,24,   50.7,24, 9999.9, 0, 9999.9, 0,   0.6,24,   2.2,24,   6.0, 999.9,   59.0*,  46.4*, 0.00I,999.9, 100000,
424920,99999, 20200113,   49.7,23,   49.2,23, 9999.9, 0, 9999.9, 0,   0.3,23,   1.5,23,   5.1, 999.9,   57.2*,  42.8*, 0.00I,999.9, 100000,
424920,99999, 20200114,   53.5,24,   53.1,24, 9999.9, 0, 9999.9, 0,   0.4,24,   0.9,24,   5.1, 999.9,   62.6*,  42.8*, 0.00I,999.9, 100000,
424920,99999, 20200115,   57.4,24,   56.7,24, 9999.9, 0, 9999.9, 0,   0.7,24,   0.3,24,   5.1, 999.9,   68.4*,  48.2*, 0.00I,999.9, 100000,
424920,99999, 20200116,   64.1,24,   60.7,24, 9999.9, 0, 9999.9, 0,   1.3,24,   3.9,24,   8.0, 999.9,   75.6*,  50.0*, 0.00I,999.9, 100000,
424920,99999, 20200117,   67.6,24,   64.8,24, 9999.9, 0, 9999.9, 0,   0.9,24,   2.5,24,   8.0, 999.9,   77.4*,  59.5 ,99.99 ,999.9, 010000,
424920,99999, 20200118,   62.8,24,   62.4,24, 9999.9, 0, 9999.9, 0,   0.9,24,   3.4,24,   7.0, 999.9,   68.0*,  57.2*, 0.00G,999.9, 000000,
424920,99999, 20200119,   58.4,24,   57.1,24, 9999.9, 0, 9999.9, 0,   1.3,24,   5.5,24,   9.9, 999.9,   66.2*,  51.8*, 0.00G,999.9, 100000,
424920,99999, 20200120,   56.8,24,   53.7,24, 9999.9, 0, 9999.9, 0,   1.3,24,   3.3,24,   8.0, 999.9,   66.9*,  46.4*, 0.00I,999.9, 100000,
424920,99999, 20200121,   55.4,24,   52.4,24, 9999.9, 0, 9999.9, 0,   0.9,24,   1.0,24,   5.1, 999.9,   68.0*,  46.4*, 0.00I,999.9, 100000,
424920,99999, 20200122,   56.6,24,   53.3,24, 9999.9, 0, 9999.9, 0,   1.2,24,   0.8,24,   4.1, 999.9,   69.1*,  46.4*, 0.00I,999.9, 100000,
424920,99999, 20200123,   59.6,24,   52.7,24, 9999.9, 0, 9999.9, 0,   1.5,24,   5.1,24,  13.0, 999.9,   72.7*,  46.4*, 0.00I,999.9, 000000,
424920,99999, 20200124,   57.0,24,   48.3,24, 9999.9, 0, 9999.9, 0,   1.9,24,   3.8,24,  12.0, 999.9,   69.8*,  46.4*, 0.00I,999.9, 000000,
424920,99999, 20200125,   57.9,24,   50.8,24, 9999.9, 0, 9999.9, 0,   1.8,24,   1.8,24,   5.1, 999.9,   69.8*,  46.4 , 0.00I,999.9, 100000,
424920,99999, 20200126,   56.6,24,   54.7,24, 9999.9, 0, 9999.9, 0,   1.0,24,   1.7,24,   8.0, 999.9,   66.9*,  48.2*, 0.00I,999.9, 100000,
424920,99999, 20200127,   59.1,24,   56.1,24, 9999.9, 0, 9999.9, 0,   1.1,24,   1.7,24,   7.0, 999.9,   71.2*,  46.4 , 0.00I,999.9, 100000,
424920,99999, 20200128,   63.3,24,   60.8,24, 9999.9, 0, 9999.9, 0,   1.0,24,   2.7,24,   8.9, 999.9,   72.7*,  52.5 , 0.00G,999.9, 110010,
424920,99999, 20200129,   65.5,24,   63.7,24, 9999.9, 0, 9999.9, 0,   1.0,24,   2.8,24,   8.0, 999.9,   75.2*,  58.1 , 0.01G,999.9, 010000,
424920,99999, 20200130,   61.2,24,   60.9,24, 9999.9, 0, 9999.9, 0,   0.7,24,   4.0,24,   9.9, 999.9,   67.3*,  53.6*, 0.01G,999.9, 110000,
424920,99999, 20200131,   58.7,24,   50.2,24, 9999.9, 0, 9999.9, 0,   1.9,24,   3.1,24,   8.0, 999.9,   72.3*,  48.2*, 0.00G,999.9, 000000,
424920,99999, 20200201,   60.0,24,   48.8,24, 9999.9, 0, 9999.9, 0,   2.0,24,   3.5,24,   8.9, 999.9,   73.4*,  46.2 , 0.00I,999.9, 000000,
424920,99999, 20200202,   59.3,24,   48.1,24, 9999.9, 0, 9999.9, 0,   2.0,24,   4.3,24,   9.9,  20.0,   71.6*,  46.4*, 0.00I,999.9, 000000,
424920,99999, 20200203,   57.6,24,   47.8,24, 9999.9, 0, 9999.9, 0,   2.0,24,   1.9,24,   7.0, 999.9,   72.7*,  44.6*, 0.00I,999.9, 000000,
424920,99999, 20200204,   59.9,24,   50.8,24, 9999.9, 0, 9999.9, 0,   1.8,24,   0.9,24,   5.1, 999.9,   73.8*,  44.6*, 0.00I,999.9, 100000,
424920,99999, 20200205,   61.3,24,   53.1,24, 9999.9, 0, 9999.9, 0,   1.7,24,   3.4,24,   8.9, 999.9,   73.8*,  49.8 , 0.00I,999.9, 000000,
424920,99999, 20200206,   59.5,24,   49.5,24, 9999.9, 0, 9999.9, 0,   1.8,24,   2.1,24,   6.0, 999.9,   73.4*,  48.2*, 0.00I,999.9, 000000,
424920,99999, 20200207,   60.5,24,   50.9,24, 9999.9, 0, 9999.9, 0,   1.8,24,   1.0,24,   5.1, 999.9,   73.4*,  47.8 , 0.00I,999.9, 000000,
424920,99999, 20200208,   61.4,24,   46.5,24, 9999.9, 0, 9999.9, 0,   1.9,24,   2.2,24,   9.9, 999.9,   74.5*,  48.2*, 0.00I,999.9, 000000,
424920,99999, 20200209,   59.3,24,   47.1,24, 9999.9, 0, 9999.9, 0,   1.8,24,   2.3,24,   6.0, 999.9,   72.7*,  48.2*, 0.00I,999.9, 000000,
424920,99999, 20200210,   61.0,24,   49.3,24, 9999.9, 0, 9999.9, 0,   1.8,24,   2.5,24,   7.0, 999.9,   77.0*,  47.7 , 0.00I,999.9, 000000,
424920,99999, 20200211,   60.7,24,   49.2,24, 9999.9, 0, 9999.9, 0,   1.8,24,   2.4,24,   8.0, 999.9,   76.3*,  48.2*, 0.00I,999.9, 000000,
424920,99999, 20200212,   61.6,24,   50.2,24, 9999.9, 0, 9999.9, 0,   1.7,24,   3.2,24,   8.0, 999.9,   75.6*,  48.2 , 0.00I,999.9, 000000,
424920,99999, 20200213,   63.8,24,   57.8,24, 9999.9, 0, 9999.9, 0,   1.5,24,   2.7,24,   8.0, 999.9,   76.6*,  53.2 , 0.00I,999.9, 000000,
424920,99999, 20200214,   67.0,24,   63.9,24, 9999.9, 0, 9999.9, 0,   1.7,24,   3.9,24,  12.0, 999.9,   78.1*,  55.4 , 0.00I,999.9, 000000,
424920,99999, 20200215,   64.6,24,   56.0,24, 9999.9, 0, 9999.9, 0,   2.0,24,   3.2,24,   8.0, 999.9,   78.1*,  53.6*, 0.00I,999.9, 000000,
424920,99999, 20200216,   64.6,24,   54.0,24, 9999.9, 0, 9999.9, 0,   2.1,24,   1.6,24,   6.0, 999.9,   78.1*,  51.8 , 0.00I,999.9, 000000,
424920,99999, 20200217,   67.8,24,   59.7,24, 9999.9, 0, 9999.9, 0,   2.0,24,   3.3,24,   7.0, 999.9,   79.5*,  53.6 , 0.00I,999.9, 000000,
424920,99999, 20200218,   65.8,24,   54.5,24, 9999.9, 0, 9999.9, 0,   1.9,24,   3.0,24,   9.9, 999.9,   79.5*,  53.6*, 0.00I,999.9, 000000,
424920,99999, 20200219,   66.2,24,   54.1,24, 9999.9, 0, 9999.9, 0,   2.0,24,   0.9,24,   5.1, 999.9,   80.6*,  52.5 , 0.00I,999.9, 000000,
424920,99999, 20200220,   69.1,24,   56.7,24, 9999.9, 0, 9999.9, 0,   1.9,24,   2.7,24,   6.0, 999.9,   79.9*,  55.4 , 0.00I,999.9, 000000,
424920,99999, 20200221,   72.4,24,   69.4,24, 9999.9, 0, 9999.9, 0,   1.2,24,   6.6,24,   9.9, 999.9,   82.0*,  62.6*, 0.00H,999.9, 010000,
424920,99999, 20200222,   69.9,24,   65.7,24, 9999.9, 0, 9999.9, 0,   1.6,24,   2.3,24,   7.0, 999.9,   80.6*,  62.6*, 0.04G,999.9, 010000,
424920,99999, 20200223,   71.3,24,   64.7,24, 9999.9, 0, 9999.9, 0,   1.8,24,   1.6,24,   9.9, 999.9,   82.8*,  60.8*, 0.00G,999.9, 010010,
424920,99999, 20200224,   72.3,24,   62.5,24, 9999.9, 0, 9999.9, 0,   2.0,24,   3.9,24,  12.0, 999.9,   82.4*,  60.8*, 0.00G,999.9, 000000,
424920,99999, 20200225,   64.2,24,   62.5,24, 9999.9, 0, 9999.9, 0,   1.7,24,   4.6,24,  14.0, 999.9,   73.4*,  60.8*, 0.00G,999.9, 010010,
424920,99999, 20200226,   65.1,24,   63.2,24, 9999.9, 0, 9999.9, 0,   1.6,24,   2.9,24,   7.0, 999.9,   73.0*,  59.0*, 0.51G,999.9, 000000,
424920,99999, 20200227,   65.0,24,   64.0,24, 9999.9, 0, 9999.9, 0,   1.3,24,   1.0,24,   4.1, 999.9,   74.5*,  57.2*, 0.00G,999.9, 100000,
424920,99999, 20200228,   66.8,24,   62.5,24, 9999.9, 0, 9999.9, 0,   1.6,24,   0.6,24,   5.1, 999.9,   78.4*,  57.2*, 0.00I,999.9, 100000,
424920,99999, 20200229,   69.5,24,   63.8,24, 9999.9, 0, 9999.9, 0,   1.8,24,   1.4,24,   6.0, 999.9,   81.7*,  57.2*, 0.00I,999.9, 000000,
424920,99999, 20200301,   71.6,24,   63.9,24, 9999.9, 0, 9999.9, 0,   2.0,24,   1.6,24,   5.1, 999.9,   83.8*,  59.0*, 0.00I,999.9, 000000,
424920,99999, 20200302,   72.9,24,   66.5,24, 9999.9, 0, 9999.9, 0,   1.7,24,   1.0,24,   5.1, 999.9,   84.6*,  62.6*, 0.00I,999.9, 000000,
424920,99999, 20200303,   74.0,24,   66.5,24, 9999.9, 0, 9999.9, 0,   1.9,24,   1.7,24,   6.0, 999.9,   85.6*,  62.6*, 0.00I,999.9, 000000,
424920,99999, 20200304,   75.8,24,   63.5,24, 9999.9, 0, 9999.9, 0,   1.9,24,   2.1,24,   6.0, 999.9,   86.4*,  64.4*, 0.00I,999.9, 000000,
424920,99999, 20200305,   75.0,24,   66.9,24, 9999.9, 0, 9999.9, 0,   1.7,24,   5.9,24,  12.0, 999.9,   85.3*,  64.4*, 0.00I,999.9, 000000,
424920,99999, 20200306,   73.0,24,   65.8,24, 9999.9, 0, 9999.9, 0,   2.0,24,   8.0,24,  11.1, 999.9,   83.5*,  64.8 , 0.00H,999.9, 010000,
424920,99999, 20200307,   71.7,24,   67.8,24, 9999.9, 0, 9999.9, 0,   1.9,24,   4.5,24,   8.9, 999.9,   78.8*,  64.4*, 0.00G,999.9, 000000,
424920,99999, 20200308,   71.0,24,   63.6,24, 9999.9, 0, 9999.9, 0,   2.0,24,   5.0,24,   9.9, 999.9,   81.7*,  60.8*, 0.00I,999.9, 000000,
424920,99999, 20200309,   68.4,24,   56.7,24, 9999.9, 0, 9999.9, 0,   2.2,24,   5.0,24,  11.1, 999.9,   80.6*,  57.2*, 0.00I,999.9, 000000,
424920,99999, 20200310,   69.9,24,   56.5,24, 9999.9, 0, 9999.9, 0,   1.8,24,   3.2,24,   6.0, 999.9,   80.6*,  56.7 , 0.00I,999.9, 000000,
424920,99999, 20200311,   69.7,22,   62.1,22, 9999.9, 0, 9999.9, 0,   1.7,22,   1.3,22,   6.0, 999.9,   78.1*,  60.8*,99.99 ,999.9, 010000,
424920,99999, 20200312,   76.4,24,   68.4,24, 9999.9, 0, 9999.9, 0,   2.2,24,   2.2,24,   6.0, 999.9,   89.6*,  65.1 , 0.04G,999.9, 010010,
424920,99999, 20200313,   70.3,24,   69.3,24, 9999.9, 0, 9999.9, 0,   1.3,24,   4.1,24,  11.1, 999.9,   74.5*,  66.2*, 0.00G,999.9, 010010,
424920,99999, 20200314,   64.8,20,   64.4,20, 9999.9, 0, 9999.9, 0,   1.2,20,   2.4,20,   8.0, 999.9,   68.0*,  60.8*, 0.67G,999.9, 010010,
424920,99999, 20200315,   71.4,24,   68.8,24, 9999.9, 0, 9999.9, 0,   1.8,24,   1.8,24,   5.1, 999.9,   82.4*,  59.0*, 0.20G,999.9, 100000,
424920,99999, 20200316,   73.6,24,   61.6,24, 9999.9, 0, 9999.9, 0,   2.0,24,   3.5,24,   9.9, 999.9,   85.3*,  62.6*, 0.00G,999.9, 000000,
424920,99999, 20200317,   71.6,24,   60.6,24, 9999.9, 0, 9999.9, 0,   2.1,24,   3.3,24,   8.0, 999.9,   83.1*,  62.4 , 0.00I,999.9, 000000,
424920,99999, 20200318,   73.8,24,   60.8,24, 9999.9, 0, 9999.9, 0,   2.3,24,   4.0,24,   8.9, 999.9,   84.9*,  62.6*, 0.00I,999.9, 000000,
424920,99999, 20200319,   74.0,24,   59.9,24, 9999.9, 0, 9999.9, 0,   2.1,24,   4.2,24,   8.0, 999.9,   86.0*,  62.6*, 0.00I,999.9, 000000,
424920,99999, 20200320,   75.4,24,   59.6,24, 9999.9, 0, 9999.9, 0,   2.3,24,   1.7,24,   8.0, 999.9,   88.5*,  62.6*, 0.00I,999.9, 000000,
424920,99999, 20200321,   74.6,24,   64.2,24, 9999.9, 0, 9999.9, 0,   1.6,24,   3.3,24,  11.1,  18.1,   84.2*,  62.6*, 0.00E,999.9, 010000,
424920,99999, 20200322,   75.4,24,   64.5,24, 9999.9, 0, 9999.9, 0,   2.0,24,   2.3,24,   6.0, 999.9,   86.0*,  62.6*, 0.00G,999.9, 000000,
424920,99999, 20200323,   76.3,24,   66.5,24, 9999.9, 0, 9999.9, 0,   2.2,24,   2.2,24,  12.0, 999.9,   87.8*,  66.2*, 0.08G,999.9, 010010,
424920,99999, 20200324,   78.3,24,   65.6,24, 9999.9, 0, 9999.9, 0,   2.2,24,   1.9,24,   6.0, 999.9,   89.6*,  66.2*, 0.00G,999.9, 000000,
424920,99999, 20200325,   79.9,24,   67.5,24, 9999.9, 0, 9999.9, 0,   2.0,24,   2.1,24,   6.0, 999.9,   91.8*,  68.0*, 0.00I,999.9, 000000,
424920,99999, 20200326,   80.6,24,   61.3,24, 9999.9, 0, 9999.9, 0,   2.2,24,   3.7,24,  11.1, 999.9,   93.2*,  68.0*, 0.00I,999.9, 000000,
424920,99999, 20200327,   82.4,24,   60.8,24, 9999.9, 0, 9999.9, 0,   2.3,24,   4.9,24,   8.9, 999.9,   95.0*,  68.0*, 0.00I,999.9, 000000,
424920,99999, 20200328,   79.6,24,   62.4,24, 9999.9, 0, 9999.9, 0,   2.4,24,   7.6,24,  15.0, 999.9,   89.6*,  71.2 , 0.00I,999.9, 000000,
424920,99999, 20200329,   79.5,24,   51.6,24, 9999.9, 0, 9999.9, 0,   2.3,24,   6.8,24,  15.0,  20.0,   92.1*,  68.0*, 0.00I,999.9, 000000,
424920,99999, 20200330,   78.8,24,   48.9,24, 9999.9, 0, 9999.9, 0,   2.1,24,   5.0,24,  13.0, 999.9,   92.5*,  62.6*, 0.00I,999.9, 000000,
424920,99999, 20200331,   78.0,24,   54.5,24, 9999.9, 0, 9999.9, 0,   2.6,24,   3.3,24,   9.9, 999.9,   93.2*,  62.2 , 0.00I,999.9, 000000,
424920,99999, 20200401,   81.1,24,   55.0,24, 9999.9, 0, 9999.9, 0,   2.2,24,   1.4,24,   7.0, 999.9,   96.8*,  64.8 , 0.00I,999.9, 000000,
424920,99999, 20200402,   84.4,24,   56.6,24, 9999.9, 0, 9999.9, 0,   2.4,24,   2.8,24,   6.0, 999.9,   96.8*,  69.1 , 0.00I,999.9, 000000,
424920,99999, 20200403,   80.0,24,   46.6,24, 9999.9, 0, 9999.9, 0,   2.4,24,   4.2,24,  12.0, 999.9,   93.2*,  62.6*, 0.00I,999.9, 000000,
424920,99999, 20200404,   77.9,24,   45.1,24, 9999.9, 0, 9999.9, 0,   2.6,24,   2.9,24,   9.9, 999.9,   95.0*,  62.6 , 0.00I,999.9, 000000,
424920,99999, 20200405,   80.1,23,   45.2,23, 9999.9, 0, 9999.9, 0,   2.5,23,   2.8,23,   9.9, 999.9,   95.4*,  62.6*, 0.00I,999.9, 000000,
424920,99999, 20200406,   85.2,24,   49.2,24, 9999.9, 0, 9999.9, 0,   2.5,24,   5.6,24,  15.9, 999.9,   98.6*,  68.4 , 0.00I,999.9, 000000,
424920,99999, 20200407,   84.7,22,   45.8,22, 9999.9, 0, 9999.9, 0,   2.9,22,   5.0,22,  12.0, 999.9,  100.4*,  69.8*, 0.00I,999.9, 000000,
