STN---,WBAN , YEARMODA,   TEMP,  ,   DEWP,  ,  SLP  ,  ,  STP  ,  , VISIB,  ,  WDSP,  , MXSPD,  GUST,   MAX  ,  MIN  ,PRCP  ,SNDP , FRSHTT,
432790,99999, 20200101,   78.2,24,   75.6,24, 9999.9, 0, 9999.9, 0,   2.3,24,   3.0,24,   7.0, 999.9,   86.5 ,  72.5 , 1.10G,999.9, 010010,
432790,99999, 20200102,   81.6,24,   76.2,24, 9999.9, 0, 9999.9, 0,   2.8,24,   3.6,24,   8.9, 999.9,   87.8*,  74.1 , 1.30G,999.9, 000000,
432790,99999, 20200103,   82.3,24,   76.2,24, 9999.9, 0, 9999.9, 0,   3.0,24,   4.2,24,   9.9, 999.9,   88.2 ,  75.2 , 0.00G,999.9, 100000,
432790,99999, 20200104,   82.4,24,   76.5,24, 9999.9, 0, 9999.9, 0,   2.7,24,   4.8,24,   8.9, 999.9,   88.2 ,  76.1 , 0.00I,999.9, 100000,
432790,99999, 20200105,   81.9,24,   75.1,24, 9999.9, 0, 9999.9, 0,   3.3,24,   5.7,24,   8.9, 999.9,   88.9 ,  75.2*, 0.00G,999.9, 010000,
432790,99999, 20200106,   80.7,24,   74.6,24, 9999.9, 0, 9999.9, 0,   2.9,24,   6.8,24,  13.0, 999.9,   87.8*,  74.5 , 0.03G,999.9, 010000,
432790,99999, 20200107,   81.4,24,   73.1,24, 9999.9, 0, 9999.9, 0,   3.0,24,   7.8,24,  13.0, 999.9,   86.2 ,  75.2*, 0.08G,999.9, 000000,
432790,99999, 20200108,   78.4,24,   69.4,24, 9999.9, 0, 9999.9, 0,   3.0,24,   4.8,24,   9.9, 999.9,   86.4 ,  70.5*, 0.00G,999.9, 000000,
432790,99999, 20200109,   77.7,24,   68.4,24, 9999.9, 0, 9999.9, 0,   3.1,24,   3.5,24,   8.0, 999.9,   87.8*,  68.5 , 0.00I,999.9, 000000,
432790,99999, 20200110,   77.9,24,   66.6,24, 9999.9, 0, 9999.9, 0,   3.1,24,   4.3,24,  12.0, 999.9,   86.0*,  67.8 , 0.00I,999.9, 000000,
432790,99999, 20200111,   78.3,23,   68.1,23, 9999.9, 0, 9999.9, 0,   2.7,23,   3.6,23,  11.1, 999.9,   86.4 ,  69.1 , 0.00I,999.9, 000000,
432790,99999, 20200112,   78.3,24,   71.3,24, 9999.9, 0, 9999.9, 0,   2.1,24,   4.5,24,  14.0, 999.9,   86.0*,  72.7*, 0.00I,999.9, 000000,
432790,99999, 20200113,   76.5,24,   67.5,24, 9999.9, 0, 9999.9, 0,   1.9,24,   4.0,24,   9.9, 999.9,   86.0*,  68.0*, 0.00I,999.9, 000000,
432790,99999, 20200114,   76.5,24,   65.4,24, 9999.9, 0, 9999.9, 0,   2.4,24,   3.6,24,   9.9, 999.9,   85.5 ,  64.8 , 0.00I,999.9, 100000,
432790,99999, 20200115,   78.3,24,   65.3,24, 9999.9, 0, 9999.9, 0,   2.9,24,   4.3,24,   9.9, 999.9,   87.8*,  68.0 , 0.00I,999.9, 000000,
432790,99999, 20200116,   78.4,24,   67.9,24, 9999.9, 0, 9999.9, 0,   3.4,24,   4.6,24,   9.9, 999.9,   89.6*,  68.4 , 0.00I,999.9, 000000,
432790,99999, 20200117,   80.0,24,   72.0,24, 9999.9, 0, 9999.9, 0,   3.3,24,   7.4,24,  14.0, 999.9,   86.2 ,  69.4 ,99.99 ,999.9, 010000,
432790,99999, 20200118,   80.8,24,   73.1,24, 9999.9, 0, 9999.9, 0,   3.4,24,   6.6,24,  13.0,  22.9,   86.0*,  76.3 ,99.99 ,999.9, 010000,
432790,99999, 20200119,   80.9,24,   70.5,24, 9999.9, 0, 9999.9, 0,   3.7,24,   5.2,24,   9.9, 999.9,   87.8*,  73.4*, 0.00I,999.9, 000000,
432790,99999, 20200120,   79.9,24,   69.7,24, 9999.9, 0, 9999.9, 0,   3.5,24,   4.9,24,  11.1, 999.9,   89.6*,  70.9 , 0.00I,999.9, 000000,
432790,99999, 20200121,   78.8,24,   68.8,24, 9999.9, 0, 9999.9, 0,   3.6,24,   5.6,24,  14.0, 999.9,   88.7 ,  70.9 , 0.00I,999.9, 000000,
432790,99999, 20200122,   79.6,24,   70.8,24, 9999.9, 0, 9999.9, 0,   2.8,24,   5.1,24,  13.0,  20.0,   86.7 ,  71.6 , 0.00I,999.9, 000000,
432790,99999, 20200123,   79.3,24,   69.5,24, 9999.9, 0, 9999.9, 0,   3.0,24,   4.4,24,  11.1, 999.9,   87.8*,  71.6*, 0.00I,999.9, 000000,
432790,99999, 20200124,   77.8,24,   66.7,24, 9999.9, 0, 9999.9, 0,   3.0,24,   4.1,24,  12.0, 999.9,   88.0 ,  68.7 , 0.00I,999.9, 000000,
432790,99999, 20200125,   76.8,24,   68.0,24, 9999.9, 0, 9999.9, 0,   3.0,24,   3.5,24,   9.9, 999.9,   87.8 ,  67.1 , 0.00I,999.9, 000000,
432790,99999, 20200126,   78.7,24,   67.4,24, 9999.9, 0, 9999.9, 0,   3.1,24,   3.8,24,   8.0, 999.9,   87.8*,  67.6 , 0.00I,999.9, 000000,
432790,99999, 20200127,   79.8,24,   69.1,24, 9999.9, 0, 9999.9, 0,   3.1,24,   4.6,24,   8.9, 999.9,   88.9 ,  69.8 , 0.00I,999.9, 000000,
432790,99999, 20200128,   81.5,24,   70.8,24, 9999.9, 0, 9999.9, 0,   3.0,24,   5.5,24,   9.9, 999.9,   90.3*,  70.0 , 0.00I,999.9, 000000,
432790,99999, 20200129,   80.8,24,   72.4,24, 9999.9, 0, 9999.9, 0,   2.7,24,   5.1,24,  13.0, 999.9,   90.9 ,  70.9 , 0.00I,999.9, 000000,
432790,99999, 20200130,   80.6,24,   71.3,24, 9999.9, 0, 9999.9, 0,   2.8,24,   4.8,24,   9.9, 999.9,   89.6 ,  71.2 , 0.00I,999.9, 000000,
432790,99999, 20200131,   80.9,24,   72.0,24, 9999.9, 0, 9999.9, 0,   2.9,24,   3.1,24,   7.0, 999.9,   90.3 ,  71.6 , 0.00I,999.9, 000000,
432790,99999, 20200201,   81.3,24,   71.0,24, 9999.9, 0, 9999.9, 0,   3.0,24,   3.8,24,   8.0, 999.9,   89.1 ,  73.2 , 0.00I,999.9, 000000,
432790,99999, 20200202,   80.4,24,   69.1,24, 9999.9, 0, 9999.9, 0,   3.5,24,   3.5,24,   9.9, 999.9,   89.2 ,  71.6 , 0.00I,999.9, 000000,
432790,99999, 20200203,   80.2,24,   69.7,24, 9999.9, 0, 9999.9, 0,   3.2,24,   5.5,24,  11.1, 999.9,   89.6*,  70.9 , 0.00I,999.9, 000000,
432790,99999, 20200204,   80.0,24,   70.7,24, 9999.9, 0, 9999.9, 0,   3.1,24,   5.7,24,  12.0, 999.9,   87.8 ,  72.5 , 0.00I,999.9, 000000,
432790,99999, 20200205,   80.9,24,   67.3,24, 9999.9, 0, 9999.9, 0,   3.4,24,   4.0,24,   9.9, 999.9,   88.2 ,  70.2 , 0.00I,999.9, 000000,
432790,99999, 20200206,   80.5,24,   68.0,24, 9999.9, 0, 9999.9, 0,   3.5,24,   5.8,24,  12.0, 999.9,   88.9 ,  69.4 , 0.00I,999.9, 000000,
432790,99999, 20200207,   81.4,24,   68.8,24, 9999.9, 0, 9999.9, 0,   3.5,24,   6.7,24,  14.0, 999.9,   89.8 ,  71.2 , 0.00I,999.9, 000000,
432790,99999, 20200208,   82.1,24,   67.6,24, 9999.9, 0, 9999.9, 0,   3.6,24,   6.0,24,   9.9, 999.9,   89.6*,  71.6 , 0.00I,999.9, 000000,
432790,99999, 20200209,   81.5,24,   70.4,24, 9999.9, 0, 9999.9, 0,   3.0,24,   7.0,24,  14.0, 999.9,   90.0 ,  73.8 , 0.00I,999.9, 000000,
432790,99999, 20200210,   81.7,24,   67.6,24, 9999.9, 0, 9999.9, 0,   3.4,24,   7.7,24,  15.0,  18.1,   88.7 ,  73.4 , 0.00I,999.9, 000000,
432790,99999, 20200211,   82.1,24,   71.7,24, 9999.9, 0, 9999.9, 0,   3.3,24,   8.2,24,  15.0,  22.0,   91.4*,  72.7 , 0.00I,999.9, 000000,
432790,99999, 20200212,   81.0,24,   71.0,24, 9999.9, 0, 9999.9, 0,   3.5,24,   6.6,24,  12.0,  21.0,   88.9 ,  73.4*, 0.00I,999.9, 000000,
432790,99999, 20200213,   80.5,24,   70.0,24, 9999.9, 0, 9999.9, 0,   3.0,24,   5.5,24,  13.0,  18.1,   89.6*,  73.0 , 0.00I,999.9, 000000,
432790,99999, 20200214,   80.2,24,   67.4,24, 9999.9, 0, 9999.9, 0,   2.6,24,   4.8,24,  12.0, 999.9,   91.4*,  69.8*, 0.00I,999.9, 000000,
432790,99999, 20200215,   79.7,24,   64.9,24, 9999.9, 0, 9999.9, 0,   2.9,24,   4.9,24,   9.9, 999.9,   93.2*,  69.6 , 0.00I,999.9, 000000,
432790,99999, 20200216,   79.4,24,   65.6,24, 9999.9, 0, 9999.9, 0,   3.1,24,   4.9,24,   9.9, 999.9,   93.9 ,  67.3 , 0.00I,999.9, 000000,
432790,99999, 20200217,   79.5,24,   64.4,24, 9999.9, 0, 9999.9, 0,   3.2,24,   4.2,24,   9.9, 999.9,   89.6*,  69.1 , 0.00I,999.9, 100000,
432790,99999, 20200218,   79.0,24,   66.0,24, 9999.9, 0, 9999.9, 0,   2.8,24,   3.9,24,   8.9, 999.9,   89.6 ,  68.7 , 0.00I,999.9, 000000,
432790,99999, 20200219,   80.2,24,   65.8,24, 9999.9, 0, 9999.9, 0,   3.3,24,   6.0,24,  11.1, 999.9,   89.4 ,  69.1 , 0.00I,999.9, 000000,
432790,99999, 20200220,   80.2,24,   66.2,24, 9999.9, 0, 9999.9, 0,   3.7,24,   5.0,24,   9.9, 999.9,   89.6 ,  71.6*, 0.00I,999.9, 000000,
432790,99999, 20200221,   81.2,24,   70.5,24, 9999.9, 0, 9999.9, 0,   3.1,24,   8.3,24,  14.0,  18.1,   88.7 ,  68.9 , 0.00I,999.9, 000000,
432790,99999, 20200222,   82.1,24,   72.2,24, 9999.9, 0, 9999.9, 0,   3.5,24,   7.1,24,  14.0,  19.0,   88.9 ,  77.4 , 0.00I,999.9, 000000,
432790,99999, 20200223,   82.5,24,   72.6,24, 9999.9, 0, 9999.9, 0,   3.3,24,   6.4,24,  15.0,  20.0,   89.6 ,  75.2*, 0.00I,999.9, 000000,
432790,99999, 20200224,   81.9,24,   73.4,24, 9999.9, 0, 9999.9, 0,   3.6,24,   5.4,24,   9.9, 999.9,   89.6*,  72.7 , 0.00I,999.9, 000000,
432790,99999, 20200225,   82.9,24,   73.0,24, 9999.9, 0, 9999.9, 0,   3.3,24,   7.1,24,  12.0, 999.9,   90.3*,  74.1 , 0.00I,999.9, 100000,
432790,99999, 20200226,   83.0,24,   72.2,24, 9999.9, 0, 9999.9, 0,   3.0,24,   5.8,24,  12.0, 999.9,   91.4 ,  75.2*, 0.00I,999.9, 000000,
432790,99999, 20200227,   82.8,24,   72.6,24, 9999.9, 0, 9999.9, 0,   3.0,24,   6.0,24,  14.0,  18.1,   91.8 ,  74.5 , 0.00I,999.9, 100000,
432790,99999, 20200228,   82.6,24,   71.9,24, 9999.9, 0, 9999.9, 0,   3.5,24,   6.9,24,  13.0, 999.9,   90.7 ,  76.6 , 0.00I,999.9, 000000,
432790,99999, 20200229,   83.0,24,   71.7,24, 9999.9, 0, 9999.9, 0,   3.0,24,   6.7,24,  14.0, 999.9,   90.7 ,  74.1 , 0.00I,999.9, 100000,
432790,99999, 20200301,   82.7,24,   70.1,24, 9999.9, 0, 9999.9, 0,   3.6,24,   5.7,24,   9.9, 999.9,   90.3 ,  75.2*, 0.00I,999.9, 000000,
432790,99999, 20200302,   82.2,24,   68.7,24, 9999.9, 0, 9999.9, 0,   2.6,24,   5.5,24,  11.1, 999.9,   90.3 ,  73.4 , 0.00I,999.9, 000000,
432790,99999, 20200303,   83.4,24,   70.7,24, 9999.9, 0, 9999.9, 0,   3.1,24,   5.1,24,   9.9, 999.9,   91.8*,  74.1 , 0.00I,999.9, 000000,
432790,99999, 20200304,   83.4,24,   72.4,24, 9999.9, 0, 9999.9, 0,   3.4,24,   5.3,24,   9.9, 999.9,   95.0*,  72.7 , 0.00I,999.9, 000000,
432790,99999, 20200305,   83.7,24,   72.8,24, 9999.9, 0, 9999.9, 0,   3.8,24,   6.7,24,  13.0,  22.0,   94.5 ,  74.1 , 0.00I,999.9, 000000,
432790,99999, 20200306,   83.8,24,   74.7,24, 9999.9, 0, 9999.9, 0,   3.8,24,   7.0,24,  12.0,  22.0,   92.8 ,  76.6 , 0.00I,999.9, 000000,
432790,99999, 20200307,   83.8,24,   74.3,24, 9999.9, 0, 9999.9, 0,   3.8,24,   7.0,24,  15.0,  18.1,   90.5 ,  77.9 , 0.00I,999.9, 000000,
432790,99999, 20200308,   83.7,24,   72.9,24, 9999.9, 0, 9999.9, 0,   4.0,24,   6.2,24,  12.0, 999.9,   90.7*,  75.2*, 0.00I,999.9, 000000,
432790,99999, 20200309,   82.7,24,   71.1,24, 9999.9, 0, 9999.9, 0,   4.2,24,   6.0,24,  13.0,  18.1,   92.1 ,  72.3 , 0.00I,999.9, 000000,
432790,99999, 20200310,   82.9,24,   71.8,24, 9999.9, 0, 9999.9, 0,   3.7,24,   6.4,24,  12.0,  18.1,   92.1 ,  74.5 , 0.00I,999.9, 000000,
432790,99999, 20200311,   82.9,22,   71.9,22, 9999.9, 0, 9999.9, 0,   3.7,22,   6.1,22,  12.0, 999.9,   92.5 ,  74.1 , 0.00I,999.9, 000000,
432790,99999, 20200312,   83.4,24,   72.4,24, 9999.9, 0, 9999.9, 0,   3.7,24,   6.1,24,  12.0, 999.9,   91.9 ,  74.5 , 0.00I,999.9, 000000,
432790,99999, 20200313,   82.6,24,   73.2,24, 9999.9, 0, 9999.9, 0,   3.7,24,   5.3,24,  12.0, 999.9,   92.3 ,  74.5 , 0.00I,999.9, 000000,
432790,99999, 20200314,   81.4,21,   71.4,21, 9999.9, 0, 9999.9, 0,   3.4,21,   4.1,21,   9.9, 999.9,   91.8 ,  75.2*, 0.00I,999.9, 000000,
432790,99999, 20200315,   83.8,24,   72.9,24, 9999.9, 0, 9999.9, 0,   3.4,24,   6.0,24,  13.0, 999.9,   91.8 ,  76.1 , 0.00I,999.9, 000000,
432790,99999, 20200316,   84.8,24,   73.8,24, 9999.9, 0, 9999.9, 0,   3.4,24,   6.7,24,  12.0, 999.9,   92.5*,  77.0 , 0.00I,999.9, 000000,
432790,99999, 20200317,   84.7,24,   73.1,24, 9999.9, 0, 9999.9, 0,   3.4,24,   5.6,24,   9.9, 999.9,   93.7 ,  75.9 , 0.00I,999.9, 000000,
432790,99999, 20200318,   84.5,24,   75.0,24, 9999.9, 0, 9999.9, 0,   3.2,24,   5.5,24,  11.1, 999.9,   94.1 ,  77.0 , 0.00I,999.9, 100000,
432790,99999, 20200319,   85.5,24,   73.1,24, 9999.9, 0, 9999.9, 0,   3.4,24,   6.2,24,  12.0, 999.9,   94.3*,  76.3 , 0.00I,999.9, 000000,
432790,99999, 20200320,   84.5,24,   74.1,24, 9999.9, 0, 9999.9, 0,   3.7,24,   6.4,24,  14.0,  18.1,   95.4 ,  76.1 , 0.00I,999.9, 000000,
432790,99999, 20200321,   85.0,24,   74.5,24, 9999.9, 0, 9999.9, 0,   3.6,24,   6.9,24,  14.0,  20.0,   94.1 ,  77.2 , 0.00I,999.9, 000000,
432790,99999, 20200322,   84.8,24,   74.6,24, 9999.9, 0, 9999.9, 0,   3.4,24,   6.9,24,  14.0, 999.9,   93.9 ,  79.3 , 0.00I,999.9, 000000,
432790,99999, 20200323,   83.9,24,   72.9,24, 9999.9, 0, 9999.9, 0,   3.7,24,   5.6,24,  11.1, 999.9,   94.1 ,  76.6 , 0.00I,999.9, 000000,
432790,99999, 20200324,   83.9,24,   72.4,24, 9999.9, 0, 9999.9, 0,   3.7,24,   5.4,24,  11.1, 999.9,   92.5 ,  75.2 , 0.00I,999.9, 000000,
432790,99999, 20200325,   83.7,24,   73.5,24, 1010.3, 4, 1008.5, 4,   3.6,24,   5.0,24,   9.9, 999.9,   92.3 ,  75.9 , 0.00I,999.9, 000000,
432790,99999, 20200326,   84.3,24,   72.5,24, 1011.2, 8, 1009.4, 8,   3.9,24,   4.1,24,  12.0, 999.9,   92.5 ,  76.6 , 0.00I,999.9, 000000,
432790,99999, 20200327,   84.2,23,   71.0,23, 1012.6, 8, 1010.9, 8,   3.8,23,   3.8,23,   8.9, 999.9,   93.9 ,  75.4 , 0.00I,999.9, 000000,
432790,99999, 20200328,   83.3,24,   72.3,24, 1011.1, 8, 1009.4, 8,   3.7,24,   3.4,24,  11.1, 999.9,   93.7 ,  74.5 , 0.00I,999.9, 000000,
432790,99999, 20200329,   83.8,24,   72.1,24, 1010.6, 7, 1008.9, 7,   3.8,24,   5.1,24,  12.0, 999.9,   93.9 ,  75.2*, 0.00I,999.9, 000000,
432790,99999, 20200330,   83.7,24,   71.5,24, 1011.2, 8, 1009.5, 8,   3.8,24,   3.3,24,   9.9, 999.9,   94.3 ,  73.0 , 0.00I,999.9, 000000,
432790,99999, 20200331,   84.7,24,   73.8,24, 1011.8, 8, 1010.0, 8,   3.9,24,   3.4,24,  11.1, 999.9,   95.0*,  75.9 , 0.00I,999.9, 000000,
432790,99999, 20200401,   86.2,24,   73.3,24, 1010.8, 8, 1009.0, 8,   3.8,24,   4.4,24,   9.9, 999.9,   98.6*,  75.4 , 0.00I,999.9, 000000,
432790,99999, 20200402,   86.5,24,   74.9,24, 1009.8, 8, 1008.1, 8,   3.8,24,   5.1,24,  11.1, 999.9,   97.2 ,  76.8 , 0.00I,999.9, 000000,
432790,99999, 20200403,   85.8,24,   74.8,24, 1010.1, 6, 1008.4, 6,   3.4,24,   5.5,24,  14.0, 999.9,   97.9 ,  77.9 , 0.00I,999.9, 000000,
432790,99999, 20200404,   86.0,24,   74.7,24, 1011.7, 8, 1009.9, 8,   3.8,24,   5.3,24,  12.0, 999.9,   94.8 ,  75.9 , 0.00I,999.9, 000000,
432790,99999, 20200405,   87.2,24,   78.2,24, 1012.1, 8, 1010.3, 8,   3.8,24,   6.1,24,  13.0, 999.9,   94.5 ,  79.5 , 0.00I,999.9, 000000,
432790,99999, 20200406,   87.7,20,   78.7,20, 1011.7, 7, 1009.9, 7,   4.1,20,   5.2,20,  12.0, 999.9,   95.7 ,  81.5 , 0.00I,999.9, 000000,
432790,99999, 20200407,   87.6,21,   77.2,21, 1010.3, 8, 1008.6, 8,   4.3,21,   6.0,21,  13.0,  18.1,   95.7 ,  80.4 , 0.00I,999.9, 000000,
