STN---,WBAN , YEARMODA,   TEMP,  ,   DEWP,  ,  SLP  ,  ,  STP  ,  , VISIB,  ,  WDSP,  , MXSPD,  GUST,   MAX  ,  MIN  ,PRCP  ,SNDP , FRSHTT,
427980,99999, 20200101,   64.2,15,   51.2,15, 1019.4, 8, 9999.9, 0,   1.2,15,   1.2,15,   4.1, 999.9,   77.0*,  48.2 , 0.00I,999.9, 000000,
427980,99999, 20200102,   67.4,16,   56.4,16, 1019.4, 8, 9999.9, 0,   1.3,16,   2.1,16,   6.0, 999.9,   77.0*,  54.7 , 0.12E,999.9, 010000,
427980,99999, 20200103,   62.7,16,   59.5,16, 1017.0, 8, 9999.9, 0,   1.7,16,   3.1,16,   5.1, 999.9,   66.2*,  57.9 , 1.30G,999.9, 010010,
427980,99999, 20200104,   67.2,14,   59.7,14, 1014.6, 8, 9999.9, 0,   1.5,14,   1.5,14,   6.0, 999.9,   75.2*,  59.0 , 0.00G,999.9, 100000,
427980,99999, 20200105,   66.1,15,   53.3,15, 1016.0, 8, 9999.9, 0,   1.5,15,   1.4,15,   2.9, 999.9,   73.4*,  54.3*, 0.00I,999.9, 000000,
427980,99999, 20200106,   64.0,16,   47.6,16, 1018.6, 8, 9999.9, 0,   1.6,16,   0.9,16,   2.9, 999.9,   74.1*,  50.0 , 0.00I,999.9, 100000,
427980,99999, 20200107,   65.5,16,   50.8,16, 1015.8, 8, 9999.9, 0,   1.6,16,   0.9,16,   4.1, 999.9,   78.8 ,  49.8 , 0.00I,999.9, 100000,
427980,99999, 20200108,   66.0,16,   56.7,16, 1014.7, 8, 9999.9, 0,   0.6,16,   0.9,16,   4.1, 999.9,   73.4*,  53.2 , 0.00I,999.9, 100000,
427980,99999, 20200109,   66.4,16,   59.9,16, 1014.8, 8, 9999.9, 0,   0.7,16,   2.1,16,   6.0, 999.9,   71.6*,  60.3 , 0.02G,999.9, 100000,
427980,99999, 20200110,   64.0,16,   50.4,16, 1017.0, 8, 9999.9, 0,   1.2,16,   1.8,16,   4.1, 999.9,   70.5*,  54.3*, 0.00G,999.9, 000000,
427980,99999, 20200111,   62.7,15,   47.6,15, 1017.5, 7, 9999.9, 0,   1.4,15,   1.9,15,   4.1, 999.9,   72.5*,  50.4 , 0.00I,999.9, 100000,
427980,99999, 20200112,   63.9,16,   46.7,16, 1014.4, 8, 9999.9, 0,   1.5,16,   1.2,16,   4.1, 999.9,   76.1 ,  49.3 , 0.00I,999.9, 100000,
427980,99999, 20200113,   66.1,14,   49.1,14, 1012.3, 6, 9999.9, 0,   1.4,14,   1.6,14,   4.1, 999.9,   78.8*,  47.8 , 0.00I,999.9, 000000,
427980,99999, 20200114,   66.9,16,   51.2,16, 1013.0, 8, 9999.9, 0,   1.3,16,   0.8,16,   2.9, 999.9,   82.4*,  49.3 , 0.00I,999.9, 100000,
427980,99999, 20200115,   69.7,16,   55.4,16, 1014.3, 8, 9999.9, 0,   1.0,16,   0.3,16,   2.9, 999.9,   84.2*,  52.5 , 0.00I,999.9, 100000,
427980,99999, 20200116,   71.8,16,   57.9,16, 1014.0, 8, 9999.9, 0,   1.2,16,   1.6,16,   5.1, 999.9,   84.9*,  55.4 , 0.00I,999.9, 100000,
427980,99999, 20200117,   72.8,16,   54.0,16, 1014.5, 8, 9999.9, 0,   1.4,16,   1.9,16,   5.1, 999.9,   87.8*,  56.1 , 0.00I,999.9, 100000,
427980,99999, 20200118,   71.1,14,   55.8,14, 1014.3, 8, 9999.9, 0,   1.6,14,   1.0,14,   2.9, 999.9,   84.2*,  55.2 , 0.00I,999.9, 100000,
427980,99999, 20200119,   69.6,15,   61.0,15, 1014.8, 8, 9999.9, 0,   0.7,15,   0.6,15,   2.9, 999.9,   77.0*,  59.4 , 0.00E,999.9, 100000,
427980,99999, 20200120,   66.5,16,   53.4,16, 1016.5, 8, 9999.9, 0,   1.2,16,   1.7,16,   4.1, 999.9,   74.1*,  58.3*, 0.00G,999.9, 100000,
427980,99999, 20200121,   66.6,16,   52.0,16, 1018.0, 8, 9999.9, 0,   1.3,16,   0.8,16,   2.9, 999.9,   77.0*,  50.7 , 0.00I,999.9, 100000,
427980,99999, 20200122,   69.6,16,   57.6,16, 1016.7, 8, 9999.9, 0,   1.0,16,   1.2,16,   5.1, 999.9,   82.4*,  52.2 , 0.00I,999.9, 100000,
427980,99999, 20200123,   68.5,16,   59.2,16, 1015.2, 8, 9999.9, 0,   1.0,16,   0.4,16,   1.9, 999.9,   77.0*,  58.3*, 0.03G,999.9, 110000,
427980,99999, 20200124,   65.5,16,   47.1,16, 1015.5, 8, 9999.9, 0,   2.2,16,   1.5,16,   4.1, 999.9,   77.0*,  50.9 , 0.00G,999.9, 000000,
427980,99999, 20200125,   64.4,16,   46.4,16, 1014.7, 8, 9999.9, 0,   1.5,16,   0.7,16,   1.9, 999.9,   77.0*,  48.2 , 0.00I,999.9, 000000,
427980,99999, 20200126,   65.6,16,   47.8,16, 1013.1, 8, 9999.9, 0,   1.3,16,   1.4,16,   5.1, 999.9,   79.0 ,  48.7 , 0.00I,999.9, 000000,
427980,99999, 20200127,   66.6,16,   45.4,16, 1012.7, 8, 9999.9, 0,   1.8,16,   1.2,16,   4.1, 999.9,   79.5*,  47.3 , 0.00I,999.9, 000000,
427980,99999, 20200128,   71.4,15,   52.6,15, 1012.1, 8, 9999.9, 0,   1.4,15,   1.6,15,   4.1, 999.9,   81.3*,  53.1 , 0.00I,999.9, 000000,
427980,99999, 20200129,   73.8,16,   64.9,16, 1013.3, 8, 9999.9, 0,   1.1,16,   1.0,16,   5.1, 999.9,   82.4*,  63.7 , 0.00G,999.9, 110000,
427980,99999, 20200130,   72.9,16,   63.4,16, 1012.8, 8, 9999.9, 0,   0.9,16,   1.6,16,   4.1, 999.9,   77.4*,  65.1*, 0.00I,999.9, 100000,
427980,99999, 20200131,   67.5,16,   46.7,16, 1014.3, 8, 9999.9, 0,   2.0,16,   1.6,16,   2.9, 999.9,   77.0*,  56.3 , 0.00I,999.9, 000000,
427980,99999, 20200201,   66.3,16,   49.4,16, 1016.2, 8, 9999.9, 0,   1.7,16,   1.5,16,   2.9, 999.9,   77.0*,  51.1 , 0.00I,999.9, 000000,
427980,99999, 20200202,   67.0,16,   46.1,16, 1017.9, 8, 9999.9, 0,   1.7,16,   1.3,16,   2.9, 999.9,   77.0*,  53.6 , 0.00I,999.9, 000000,
427980,99999, 20200203,   65.7,16,   45.6,16, 1017.4, 8, 9999.9, 0,   1.7,16,   0.7,16,   2.9, 999.9,   77.0*,  47.8 , 0.00I,999.9, 000000,
427980,99999, 20200204,   67.3,15,   49.5,15, 1015.4, 7, 9999.9, 0,   1.2,15,   0.8,15,   2.9, 999.9,   77.0*,  50.4 ,99.99 ,999.9, 010000,
427980,99999, 20200205,   70.5,15,   58.6,15, 1013.7, 8, 9999.9, 0,   1.2,15,   0.8,15,   2.9, 999.9,   79.5*,  61.3 , 0.01G,999.9, 000000,
427980,99999, 20200206,   70.3,16,   49.1,16, 1015.4, 8, 9999.9, 0,   1.6,16,   1.3,16,   4.1, 999.9,   80.2 ,  54.0 , 0.00G,999.9, 010000,
427980,99999, 20200207,   62.8,16,   52.3,16, 1018.0, 8, 9999.9, 0,   1.2,16,   0.2,16,   1.9, 999.9,   65.1*,  58.6*, 0.00G,999.9, 010000,
427980,99999, 20200208,   60.2,16,   56.3,16, 1019.2, 8, 9999.9, 0,   0.7,16,   1.4,16,   2.9, 999.9,   62.6*,  56.1 , 0.02G,999.9, 110000,
427980,99999, 20200209,   66.4,16,   50.0,16, 1018.6, 8, 9999.9, 0,   1.2,16,   1.8,16,   4.1, 999.9,   77.0*,  54.0 , 0.08G,999.9, 100000,
427980,99999, 20200210,   65.1,16,   47.0,16, 1017.5, 8, 9999.9, 0,   1.6,16,   1.5,16,   4.1, 999.9,   77.0*,  48.6 , 0.00G,999.9, 000000,
427980,99999, 20200211,   67.1,16,   44.8,16, 1017.7, 8, 9999.9, 0,   1.6,16,   1.2,16,   2.9, 999.9,   78.8*,  48.0 , 0.00I,999.9, 000000,
427980,99999, 20200212,   67.6,16,   49.6,16, 1016.4, 8, 9999.9, 0,   1.6,16,   1.0,16,   4.1, 999.9,   79.5*,  50.0 , 0.00I,999.9, 000000,
427980,99999, 20200213,   70.3,16,   50.2,16, 1013.2, 8, 9999.9, 0,   1.6,16,   1.3,16,   4.1, 999.9,   84.2*,  52.2 , 0.00I,999.9, 000000,
427980,99999, 20200214,   74.7,16,   50.7,16, 1009.6, 8, 9999.9, 0,   1.7,16,   2.8,16,   7.0, 999.9,   91.4*,  53.6 , 0.00I,999.9, 000000,
427980,99999, 20200215,   74.6,16,   49.6,16, 1012.0, 8, 9999.9, 0,   2.2,16,   1.7,16,   4.1, 999.9,   86.0*,  57.2 , 0.00I,999.9, 000000,
427980,99999, 20200216,   71.9,17,   48.4,17, 1014.7, 8, 9999.9, 0,   1.8,17,   1.8,17,   5.1, 999.9,   86.0 ,  53.2 , 0.00I,999.9, 000000,
427980,99999, 20200217,   72.1,16,   50.5,16, 1015.0, 6, 9999.9, 0,   1.8,16,   1.0,16,   2.9, 999.9,   84.2*,  55.0 , 0.00I,999.9, 000000,
427980,99999, 20200218,   72.5,16,   50.8,16, 1013.8, 8, 9999.9, 0,   1.7,16,   1.5,16,   4.1, 999.9,   84.2*,  55.4 , 0.00I,999.9, 000000,
427980,99999, 20200219,   72.3,15,   49.0,15, 1014.5, 7, 9999.9, 0,   1.8,15,   1.5,15,   4.1, 999.9,   87.8*,  54.0 , 0.00I,999.9, 000000,
427980,99999, 20200220,   75.0,16,   55.6,16, 1014.9, 8, 9999.9, 0,   1.8,16,   1.8,16,   4.1, 999.9,   88.5*,  56.1 , 0.00I,999.9, 000000,
427980,99999, 20200221,   77.4,16,   55.7,16, 1017.2, 8, 9999.9, 0,   1.7,16,   3.1,16,   6.0, 999.9,   87.8*,  61.2 , 0.00I,999.9, 000000,
427980,99999, 20200222,   75.3,16,   57.6,16, 1017.3, 8, 9999.9, 0,   1.3,16,   1.9,16,   5.1, 999.9,   86.0*,  59.7 , 0.00I,999.9, 000000,
427980,99999, 20200223,   77.5,16,   57.3,16, 1015.1, 8, 9999.9, 0,   1.3,16,   2.0,16,   4.1, 999.9,   87.8*,  63.1 , 0.00G,999.9, 110000,
427980,99999, 20200224,   72.0,16,   63.1,16, 1012.9, 8, 9999.9, 0,   1.2,16,   2.2,16,   5.1, 999.9,   78.8*,  66.0 , 0.08G,999.9, 010000,
427980,99999, 20200225,   69.1,16,   62.3,16, 1012.5, 8, 9999.9, 0,   1.6,16,   2.9,16,   8.0, 999.9,   75.2*,  64.0 , 0.24G,999.9, 010010,
427980,99999, 20200226,   70.3,15,   58.7,15, 1013.1, 8, 9999.9, 0,   1.6,15,   1.0,15,   4.1, 999.9,   80.6*,  59.4 , 0.02G,999.9, 010000,
427980,99999, 20200227,   71.9,16,   57.1,16, 1013.7, 8, 9999.9, 0,   1.3,16,   1.0,16,   2.9, 999.9,   80.6*,  59.4 , 0.12G,999.9, 000000,
427980,99999, 20200228,   73.6,16,   57.4,16, 1012.9, 8, 9999.9, 0,   1.2,16,   1.8,16,   4.1, 999.9,   83.1*,  59.5 , 0.00G,999.9, 000000,
427980,99999, 20200229,   75.5,16,   58.2,16, 1011.6, 8, 9999.9, 0,   1.4,16,   1.4,16,   5.1, 999.9,   86.7*,  60.1 , 0.00I,999.9, 100000,
427980,99999, 20200301,   77.0,15,   59.1,15, 1011.1, 8, 9999.9, 0,   1.3,15,   1.5,15,   4.1, 999.9,   87.8*,  61.5 , 0.00I,999.9, 000000,
427980,99999, 20200302,   77.1,16,   61.6,16, 1010.8, 6, 9999.9, 0,   1.8,16,   1.8,16,   5.1, 999.9,   89.6*,  63.0 , 0.00E,999.9, 010010,
427980,99999, 20200303,   75.3,16,   61.5,16, 1010.1, 8, 9999.9, 0,   1.3,16,   2.1,16,   5.1, 999.9,   91.4*,  63.5 , 0.00G,999.9, 010010,
427980,99999, 20200304,   74.9,17,   62.1,17, 1010.5, 8, 9999.9, 0,   1.6,17,   2.7,17,   7.0, 999.9,   87.8*,  62.6 , 0.47G,999.9, 010010,
427980,99999, 20200305,   73.6,16,   63.4,16, 1011.0, 8, 9999.9, 0,   1.9,16,   2.6,16,   6.0, 999.9,   82.4*,  61.9 , 0.55G,999.9, 000000,
427980,99999, 20200306,   78.7,14,   63.6,14, 1010.9, 8, 9999.9, 0,   2.2,14,   2.3,14,   5.1, 999.9,   90.1 ,  64.4 , 0.00G,999.9, 010010,
427980,99999, 20200307,   72.9,17,   64.7,17, 1012.7, 8, 9999.9, 0,   2.0,17,   3.0,17,   6.0, 999.9,   84.2*,  64.8 , 0.94G,999.9, 010010,
427980,99999, 20200308,   77.5,16,   63.9,16, 1011.6, 8, 9999.9, 0,   1.9,16,   1.5,16,   5.1, 999.9,   86.0*,  64.8 , 1.18G,999.9, 000000,
427980,99999, 20200309,   76.0,16,   56.6,16, 1011.2, 8, 9999.9, 0,   2.5,16,   1.5,16,   5.1, 999.9,   86.0*,  62.1 , 0.00G,999.9, 000000,
427980,99999, 20200310,   76.9,16,   55.7,16, 1011.4, 8, 9999.9, 0,   1.8,16,   1.4,16,   4.1, 999.9,   87.8*,  60.6 , 0.00I,999.9, 000000,
427980,99999, 20200311,   71.8,14,   62.6,14, 1012.1, 8, 9999.9, 0,   1.4,14,   1.4,14,   5.1, 999.9,   80.8 ,  65.5 , 0.08A,999.9, 010000,
427980,99999, 20200312,   73.2,16,   68.6,16, 1013.5, 8, 9999.9, 0,   1.3,16,   1.4,16,   6.0, 999.9,   84.6*,  65.3 , 0.47G,999.9, 110010,
427980,99999, 20200313,   78.2,13,   67.5,13, 1013.1, 8, 9999.9, 0,   1.6,13,   0.1,13,   1.9, 999.9,   89.6*,  63.0 , 0.35G,999.9, 000000,
427980,99999, 20200314,   72.1, 9,   62.9, 9, 1014.4, 7, 9999.9, 0,   1.8, 9,   5.4, 9,   9.9, 999.9,   79.7*,  65.1*, 0.00G,999.9, 010000,
427980,99999, 20200315,   72.8,15,   66.0,15, 1013.1, 8, 9999.9, 0,   1.6,15,   1.1,15,   4.1, 999.9,   82.8 ,  63.3 , 0.28G,999.9, 010010,
427980,99999, 20200316,   79.0,16,   66.7,16, 1012.9, 8, 9999.9, 0,   1.5,16,   0.8,16,   2.9, 999.9,   86.0*,  65.5 , 0.00G,999.9, 000000,
427980,99999, 20200317,   80.7,16,   61.4,16, 1013.4, 8, 9999.9, 0,   2.0,16,   1.6,16,   4.1, 999.9,   89.6*,  66.9 , 0.00I,999.9, 000000,
427980,99999, 20200318,   79.1,15,   60.8,15, 1012.3, 8, 9999.9, 0,   2.0,15,   1.7,15,   2.9, 999.9,   87.8*,  66.2 , 0.00I,999.9, 000000,
427980,99999, 20200319,   78.3,16,   57.6,16, 1011.4, 8, 9999.9, 0,   1.7,16,   1.0,16,   4.1, 999.9,   91.4 ,  63.7 , 0.03E,999.9, 010010,
427980,99999, 20200320,   78.3,15,   58.0,15, 1010.2, 8, 9999.9, 0,   2.1,15,   2.7,15,   5.1, 999.9,   90.7 ,  64.4 , 0.08G,999.9, 000000,
427980,99999, 20200321,   82.4,16,   56.8,16, 1010.1, 8, 9999.9, 0,   2.1,16,   2.9,16,   6.0, 999.9,   95.0 ,  64.0 , 0.00G,999.9, 000000,
427980,99999, 20200322,   79.9,16,   62.6,16, 1011.4, 8, 9999.9, 0,   2.3,16,   2.4,16,   5.1, 999.9,   89.6 ,  66.9 , 0.00I,999.9, 000010,
427980,99999, 20200323,   82.6,16,   62.1,16, 1010.3, 8, 9999.9, 0,   2.2,16,   1.9,16,   5.1, 999.9,   93.2*,  68.7 , 0.00I,999.9, 000000,
427980,99999, 20200324,   83.3,14,   58.4,14, 1009.1, 8, 9999.9, 0,   2.3,14,   1.2,14,   2.9, 999.9,   95.0*,  65.1 , 0.00I,999.9, 000000,
427980,99999, 20200325,   83.9,15,   59.4,15, 1008.3, 8, 9999.9, 0,   2.2,15,   1.4,15,   4.1, 999.9,   95.0 ,  66.9 , 0.00I,999.9, 000000,
427980,99999, 20200326,   84.9,15,   58.0,15, 1009.5, 8, 9999.9, 0,   2.3,15,   1.6,15,   4.1, 999.9,   96.8*,  66.9 , 0.00I,999.9, 000000,
427980,99999, 20200327,   87.1,16,   62.4,16, 1009.7, 8, 9999.9, 0,   2.3,16,   1.1,16,   4.1, 999.9,  100.4*,  69.1 , 0.00I,999.9, 000000,
427980,99999, 20200328,   88.4,16,   62.4,16, 1008.5, 8, 9999.9, 0,   2.4,16,   2.1,16,   5.1, 999.9,   99.7 ,  72.7 , 0.00I,999.9, 000000,
427980,99999, 20200329,   87.5,15,   58.0,15, 1008.5, 8, 9999.9, 0,   2.7,15,   2.9,15,   6.0, 999.9,   99.3*,  70.9 , 0.00I,999.9, 000000,
427980,99999, 20200330,   88.0,16,   57.7,16, 1009.1, 8, 9999.9, 0,   2.4,16,   2.5,16,   7.0, 999.9,   98.6*,  73.4 , 0.00I,999.9, 000000,
427980,99999, 20200331,   85.9,15,   60.5,15, 1009.0, 8, 9999.9, 0,   2.1,15,   1.4,15,   4.1, 999.9,   97.5*,  68.2 , 0.00I,999.9, 000000,
427980,99999, 20200401,   84.6,15,   63.6,15, 1007.6, 8, 9999.9, 0,   1.8,15,   1.6,15,   8.0, 999.9,   99.3*,  70.5 , 0.00I,999.9, 000010,
427980,99999, 20200402,   87.7,15,   64.1,15, 1006.3, 8, 9999.9, 0,   1.7,15,   1.9,15,   5.1, 999.9,  101.1 ,  69.6 , 0.00I,999.9, 000000,
427980,99999, 20200403,   88.5,15,   57.9,15, 1008.5, 8, 9999.9, 0,   2.3,15,   2.1,15,   4.1, 999.9,   97.5*,  73.0 , 0.00I,999.9, 000000,
427980,99999, 20200404,   88.5,16,   57.9,16, 1009.4, 8, 9999.9, 0,   2.2,16,   0.6,16,   2.9, 999.9,   98.6*,  70.0 , 0.00I,999.9, 000000,
427980,99999, 20200405,   88.2,16,   53.6,16, 1009.9, 8, 9999.9, 0,   2.2,16,   1.5,16,   5.1, 999.9,   99.3 ,  73.4 , 0.00I,999.9, 000000,
427980,99999, 20200406,   87.3,16,   50.9,16, 1009.2, 8, 9999.9, 0,   2.2,16,   2.3,16,   6.0, 999.9,  101.1 ,  66.9 , 0.00I,999.9, 000000,
427980,99999, 20200407,   89.4,16,   56.0,16, 1007.6, 8, 9999.9, 0,   1.5,16,   4.8,16,  18.1, 999.9,  102.2 ,  68.4 , 0.00I,999.9, 000010,
