STN---,WBAN , YEARMODA,   TEMP,  ,   DEWP,  ,  SLP  ,  ,  STP  ,  , VISIB,  ,  WDSP,  , MXSPD,  GUST,   MAX  ,  MIN  ,PRCP  ,SNDP , FRSHTT,
420830,99999, 20200101,   43.4, 4,   21.7, 4, 9999.9, 0,  799.5, 4,   2.5, 4,   0.7, 4,   2.9, 999.9,   54.3 ,  34.5 , 0.00I,999.9, 000000,
420830,99999, 20200103,   43.6, 4,   30.1, 4, 9999.9, 0,  797.5, 4,   2.5, 4,   0.0, 4, 999.9, 999.9,   52.2 ,  34.0 , 0.00G,999.9, 000000,
420830,99999, 20200104,   36.1, 4,   31.0, 4, 9999.9, 0,  796.0, 4,   2.0, 4,   0.0, 4, 999.9, 999.9,   52.5 ,  33.1*, 0.24A,999.9, 001000,
420830,99999, 20200105,   38.7, 4, 9999.9, 0, 9999.9, 0,  795.3, 4,   2.5, 4,   0.0, 4, 999.9, 999.9,   42.4*,  30.7 , 0.00I,999.9, 000000,
420830,99999, 20200106,   37.0, 4,   34.4, 4, 9999.9, 0,  797.0, 4,   0.8, 4,   0.0, 4, 999.9, 999.9,   43.5 ,  33.4 , 0.02G,999.9, 011000,
420830,99999, 20200108,   32.3, 4,   31.4, 4, 9999.9, 0,  792.4, 4,   0.2, 4,   0.0, 4, 999.9, 999.9,   41.0 ,  31.1 , 1.26G,999.9, 001000,
420830,99999, 20200110,   41.9, 4,   18.1, 4, 9999.9, 0, 9999.9, 0,   6.2, 4,   0.0, 4, 999.9, 999.9,   47.5 ,  29.7 , 0.00I,999.9, 000000,
420830,99999, 20200111,   48.5, 4,   23.3, 4, 9999.9, 0,  797.8, 4,   5.3, 4,   1.0, 4,   1.9, 999.9,   53.6 ,  37.4 , 0.00I,999.9, 000000,
420830,99999, 20200112,   53.1, 4,   35.7, 4, 9999.9, 0,  797.9, 4,   2.5, 4,   1.5, 4,   4.1, 999.9,   60.3 ,  41.2 , 0.00I,999.9, 000000,
420830,99999, 20200114,   46.0, 4,   36.4, 4, 9999.9, 0,  794.1, 4,   2.0, 4,   1.0, 4,   1.9, 999.9,   52.9*,  34.3 , 0.71G,999.9, 100000,
420830,99999, 20200115,   47.2, 4,   34.8, 4, 9999.9, 0,  795.2, 4,   2.5, 4,   0.5, 4,   1.9, 999.9,   54.7*,  35.8 , 0.00G,999.9, 000000,
420830,99999, 20200116,   43.2, 4,   34.7, 4, 9999.9, 0,  794.8, 4,   2.0, 4,   0.0, 4, 999.9, 999.9,   57.2 ,  37.0 ,99.99 ,999.9, 010000,
420830,99999, 20200119,   42.5, 4,   25.8, 4, 9999.9, 0,  796.5, 4,   5.3, 4,   0.0, 4, 999.9, 999.9,   50.4*,  30.9 , 0.04G,999.9, 000000,
420830,99999, 20200122,   45.7, 4,   27.6, 4, 9999.9, 0,  798.7, 4,   5.3, 4,   0.7, 4,   2.9, 999.9,   53.2*,  34.2 , 0.00I,999.9, 000000,
420830,99999, 20200123,   44.6, 4,   24.1, 4, 9999.9, 0,  796.5, 4,   6.2, 4,   1.7, 4,   2.9, 999.9,   54.1 ,  33.3 , 0.00I,999.9, 000000,
420830,99999, 20200124,   51.5, 4,    2.3, 4, 9999.9, 0,  795.4, 4,   6.2, 4,   3.0, 4,   5.1, 999.9,   55.4*,  40.1 , 0.00I,999.9, 000000,
420830,99999, 20200126,   46.0, 4,   31.1, 4, 9999.9, 0,  795.0, 4,   6.2, 4,   2.5, 4,   4.1, 999.9,   58.1 ,  38.8 , 0.00I,999.9, 000000,
420830,99999, 20200127,   43.6, 4,   27.1, 4, 9999.9, 0,  793.5, 4,   2.5, 4,   0.0, 4, 999.9, 999.9,   56.8 ,  35.1 , 0.00I,999.9, 000000,
420830,99999, 20200128,   38.2, 4,   34.8, 4, 9999.9, 0,  791.2, 4,   1.7, 4,   1.5, 4,   4.1, 999.9,   48.0 ,  35.4 , 0.08G,999.9, 011000,
420830,99999, 20200129,   38.0, 4,   32.0, 4, 9999.9, 0,  796.0, 4,   2.5, 4,   0.0, 4, 999.9, 999.9,   41.9 ,  30.2 , 1.30G,999.9, 000000,
420830,99999, 20200130,   40.9, 4,   28.5, 4, 9999.9, 0,  795.8, 4,   2.5, 4,   0.5, 4,   1.9, 999.9,   46.0 ,  31.3 , 0.00G,999.9, 000000,
420830,99999, 20200131,   43.0, 4,   29.3, 4, 9999.9, 0,  793.0, 4,   3.1, 4,   0.0, 4, 999.9, 999.9,   50.0*,  33.3 , 0.00I,999.9, 000000,
420830,99999, 20200201,   37.4, 4,   26.9, 4, 9999.9, 0,  795.5, 4,   1.7, 4,   0.0, 4, 999.9, 999.9,   53.2 ,  28.4 , 0.08A,999.9, 011010,
420830,99999, 20200202,   46.6, 4,   24.0, 4, 9999.9, 0,  796.8, 4,   6.2, 4,   0.0, 4, 999.9, 999.9,   51.8*,  30.6 , 0.00I,999.9, 000000,
420830,99999, 20200203,   47.2, 4,   25.7, 4, 9999.9, 0,  796.6, 4,   2.5, 4,   0.5, 4,   1.9, 999.9,   54.0 ,  36.5 , 0.00I,999.9, 000000,
420830,99999, 20200204,   41.5, 4,   29.9, 4, 9999.9, 0,  795.3, 4,   2.2, 4,   0.7, 4,   2.9, 999.9,   55.6 ,  33.4 , 0.00I,999.9, 000000,
420830,99999, 20200206,   42.3, 4,   31.5, 4, 9999.9, 0,  793.4, 4,   3.0, 4,   0.0, 4, 999.9, 999.9,   53.1 ,  33.3 , 0.00I,999.9, 000000,
420830,99999, 20200207,   38.7, 4,   27.7, 4, 9999.9, 0,  796.3, 4,   1.1, 4,   0.7, 4,   2.9, 999.9,   51.8 ,  29.5 , 0.00I,999.9, 000000,
420830,99999, 20200209,   51.1, 4,   21.2, 4, 9999.9, 0,  799.9, 4,   4.3, 4,   0.5, 4,   1.9, 999.9,   57.9*,  33.8 , 0.00I,999.9, 000000,
420830,99999, 20200210,   50.5, 4,   27.5, 4, 9999.9, 0,  798.2, 4,   2.5, 4,   0.0, 4, 999.9, 999.9,   59.4 ,  38.7 , 0.00I,999.9, 000000,
420830,99999, 20200211,   52.3, 4,   27.3, 4, 9999.9, 0,  798.8, 4,   2.5, 4,   0.0, 4, 999.9, 999.9,   59.2 ,  39.4 , 0.00I,999.9, 000000,
420830,99999, 20200212,   57.5, 4,   32.0, 4, 9999.9, 0,  800.5, 4,   2.5, 4,   2.2, 4,   2.9, 999.9,   60.8*,  45.9 , 0.00I,999.9, 000000,
420830,99999, 20200213,   61.0, 4,   33.2, 4, 9999.9, 0,  799.4, 4,   4.3, 4,   3.3, 4,   5.1, 999.9,   65.1*,  53.4 , 0.00I,999.9, 000000,
420830,99999, 20200214,   58.1, 4,   39.2, 4, 9999.9, 0,  794.8, 4,   2.5, 4,   0.5, 4,   1.9, 999.9,   67.5 ,  45.7 , 0.00I,999.9, 000000,
420830,99999, 20200215,   59.3, 4,   22.2, 4, 9999.9, 0,  795.6, 4,   3.4, 4,   0.5, 4,   1.9, 999.9,   66.0 ,  46.4 , 0.00I,999.9, 000000,
420830,99999, 20200216,   57.6, 4,   17.8, 4, 9999.9, 0,  799.1, 4,   6.2, 4,   2.5, 4,   4.1, 999.9,   66.6 ,  48.4 , 0.00I,999.9, 000000,
420830,99999, 20200217,   55.9, 4,   18.5, 4, 9999.9, 0,  799.1, 4,   6.2, 4,   2.7, 4,   2.9, 999.9,   64.4 ,  43.2 , 0.00I,999.9, 000000,
420830,99999, 20200218,   58.2, 4,   16.7, 4, 9999.9, 0,  796.9, 4,   2.5, 4,   2.2, 4,   2.9, 999.9,   63.0 ,  47.5 , 0.00I,999.9, 000000,
420830,99999, 20200219,   53.4, 4,   22.4, 4, 9999.9, 0,  796.6, 4,   2.5, 4,   0.5, 4,   1.9, 999.9,   64.2 ,  45.3 , 0.00I,999.9, 000000,
420830,99999, 20200220,   57.1, 4,   25.2, 4, 9999.9, 0,  796.7, 4,   3.4, 4,   1.5, 4,   4.1, 999.9,   64.4*,  45.9 , 0.00I,999.9, 000000,
420830,99999, 20200221,   45.1, 4,   38.6, 4, 9999.9, 0,  798.2, 4,   2.2, 4,   0.5, 4,   1.9, 999.9,   66.4 ,  32.4 , 0.98G,999.9, 010000,
420830,99999, 20200222,   50.9, 4,   38.7, 4, 9999.9, 0,  801.1, 4,   4.3, 4,   0.5, 4,   1.9, 999.9,   58.5 ,  38.8 , 0.02G,999.9, 000000,
420830,99999, 20200223,   45.7, 4,   36.0, 4, 9999.9, 0,  800.3, 4,   3.4, 4,   0.0, 4, 999.9, 999.9,   58.5 ,  41.7 , 0.00G,999.9, 010010,
420830,99999, 20200224,   50.4, 4,   35.2, 4, 9999.9, 0,  796.9, 4,   2.5, 4,   0.5, 4,   1.9, 999.9,   57.9*,  39.4 , 0.31G,999.9, 010010,
420830,99999, 20200226,   51.8, 4,   32.6, 4, 9999.9, 0,  795.7, 4,   4.3, 4,   1.0, 4,   1.9, 999.9,   57.9 ,  40.6 , 0.00I,999.9, 000000,
420830,99999, 20200227,   51.7, 4,   42.3, 4, 9999.9, 0, 9999.9, 0,   3.0, 4,   0.5, 4,   1.9, 999.9,   58.1 ,  40.6 , 0.00I,999.9, 000000,
420830,99999, 20200228,   55.4, 4,   33.5, 4, 9999.9, 0,  796.8, 4,   2.5, 4,   0.5, 4,   1.9, 999.9,   60.3 ,  43.9 , 0.00I,999.9, 000000,
420830,99999, 20200229,   48.2, 4,   38.4, 4, 9999.9, 0,  796.5, 4,   1.2, 4,   2.0, 4,   5.1, 999.9,   62.2 ,  41.7*, 0.08G,999.9, 010010,
420830,99999, 20200301,   49.6, 4,   34.5, 4, 9999.9, 0,  796.8, 4,   4.3, 4,   0.5, 4,   1.9, 999.9,   59.7 ,  37.4 , 0.00G,999.9, 010000,
420830,99999, 20200302,   53.3, 4,   36.9, 4, 9999.9, 0,  795.9, 4,   2.2, 4,   0.5, 4,   1.9, 999.9,   59.7*,  42.3 , 0.04G,999.9, 000000,
420830,99999, 20200303,   53.5, 4,   41.2, 4, 9999.9, 0,  794.5, 4,   1.6, 4,   0.5, 4,   1.9, 999.9,   61.9 ,  42.4 , 0.00G,999.9, 000000,
420830,99999, 20200304,   52.1, 4,   40.2, 4, 9999.9, 0,  794.0, 4,   3.7, 4,   0.5, 4,   1.9, 999.9,   61.9 ,  42.3 , 0.00I,999.9, 000000,
420830,99999, 20200305,   48.6, 4,   36.3, 4, 9999.9, 0,  793.9, 4,   2.5, 4,   1.5, 4,   1.9, 999.9,   57.9 ,  40.5 , 0.02G,999.9, 010000,
420830,99999, 20200306,   43.2, 4,   37.4, 4, 9999.9, 0,  791.2, 4,   1.6, 4,   1.0, 4,   4.1, 999.9,   52.9 ,  40.3 , 0.08G,999.9, 010000,
420830,99999, 20200307,   39.0, 4,   37.0, 4, 9999.9, 0,  795.1, 4,   0.5, 4,   0.5, 4,   1.9, 999.9,   47.8 ,  33.1 , 0.63G,999.9, 011000,
420830,99999, 20200308,   48.7, 4,   38.7, 4, 9999.9, 0,  797.5, 4,   4.3, 4,   0.5, 4,   1.9, 999.9,   54.0*,  36.9 , 0.28G,999.9, 000000,
420830,99999, 20200309,   56.2, 4,   31.4, 4, 9999.9, 0,  795.2, 4,   2.5, 4,   0.5, 4,   1.9, 999.9,   61.9*,  42.1 , 0.00G,999.9, 000000,
420830,99999, 20200310,   53.3, 4,   39.1, 4, 9999.9, 0,  794.0, 4,   2.5, 4,   0.5, 4,   1.9, 999.9,   63.3 ,  42.3 , 0.00I,999.9, 000000,
420830,99999, 20200311,   47.3, 4,   35.1, 4, 9999.9, 0,  793.0, 4,   2.5, 4,   1.2, 4,   2.9, 999.9,   61.9 ,  40.6 , 0.04A,999.9, 010000,
420830,99999, 20200312,   47.9, 4,   38.6, 4, 9999.9, 0,  795.5, 4,   4.3, 4,   2.2, 4,   4.1, 999.9,   52.9 ,  36.5 , 0.91G,999.9, 010000,
420830,99999, 20200313,   46.3, 4,   39.7, 4, 9999.9, 0,  795.9, 4,   2.5, 4,   0.7, 4,   2.9, 999.9,   59.0 ,  36.0 , 0.83G,999.9, 011010,
420830,99999, 20200315,   46.8, 4,   37.3, 4, 9999.9, 0,  798.2, 4,   3.4, 4,   0.0, 4, 999.9, 999.9,   49.6*,  34.5 , 0.43G,999.9, 010000,
420830,99999, 20200316,   53.3, 4,   34.7, 4, 9999.9, 0,  798.2, 4,   2.5, 4,   0.0, 4, 999.9, 999.9,   60.8 ,  41.2 , 0.01G,999.9, 000000,
420830,99999, 20200317,   55.8, 4,   39.4, 4, 9999.9, 0,  797.1, 4,   2.5, 4,   1.0, 4,   1.9, 999.9,   62.2*,  43.0 , 0.00G,999.9, 000000,
420830,99999, 20200318,   56.5, 4,   38.5, 4, 9999.9, 0,  797.6, 4,   2.5, 4,   0.0, 4, 999.9, 999.9,   64.0 ,  45.0 , 0.00I,999.9, 000000,
420830,99999, 20200319,   56.1, 4,   41.2, 4, 9999.9, 0,  795.3, 4,   2.5, 4,   0.7, 4,   2.9, 999.9,   63.9 ,  44.1 , 0.00I,999.9, 000000,
420830,99999, 20200320,   58.0, 4,   37.0, 4, 9999.9, 0,  795.7, 4,   2.5, 4,   0.5, 4,   1.9, 999.9,   64.2 ,  45.9 , 0.00I,999.9, 000000,
420830,99999, 20200321,   54.5, 4,   39.2, 4, 9999.9, 0,  796.2, 4,   2.2, 4,   0.5, 4,   1.9, 999.9,   65.3 ,  46.8 ,99.99 ,999.9, 010010,
420830,99999, 20200322,   55.6, 4,   38.7, 4, 9999.9, 0,  797.0, 4,   4.3, 4,   0.7, 4,   2.9, 999.9,   65.8 ,  42.6 , 0.31G,999.9, 000000,
420830,99999, 20200323,   59.3, 4,   39.5, 4, 9999.9, 0,  797.1, 4,   2.5, 4,   1.0, 4,   1.9, 999.9,   63.3*,  45.7 , 0.00G,999.9, 000000,
420830,99999, 20200324,   56.3, 4,   43.7, 4, 9999.9, 0,  796.6, 4,   2.2, 4,   0.7, 4,   2.9, 999.9,   66.0 ,  48.2*, 0.01G,999.9, 010000,
420830,99999, 20200325,   58.1, 4,   44.7, 4, 9999.9, 0,  797.5, 4,   4.3, 4,   0.5, 4,   1.9, 999.9,   64.8 ,  44.6 , 0.43G,999.9, 000000,
420830,99999, 20200326,   58.3, 4,   34.6, 4, 9999.9, 0,  797.4, 4,   2.5, 4,   0.0, 4, 999.9, 999.9,   67.5 ,  49.3 , 0.00G,999.9, 000000,
420830,99999, 20200327,   50.7, 4,   44.3, 4, 9999.9, 0,  796.7, 4,   2.2, 4,   0.5, 4,   1.9, 999.9,   64.4 ,  44.8 , 0.08G,999.9, 010000,
420830,99999, 20200328,   55.6, 4,   43.2, 4, 9999.9, 0,  798.2, 4,   4.3, 4,   0.7, 4,   2.9, 999.9,   61.5*,  42.4 , 0.35G,999.9, 000000,
420830,99999, 20200329,   57.6, 4,   37.0, 4, 9999.9, 0,  796.2, 4,   4.3, 4,   0.5, 4,   1.9, 999.9,   62.8 ,  46.0 , 0.00G,999.9, 000000,
420830,99999, 20200330,   58.7, 4,   39.2, 4, 9999.9, 0,  796.6, 4,   2.5, 4,   0.0, 4, 999.9, 999.9,   65.7 ,  46.8 , 0.00I,999.9, 000000,
420830,99999, 20200331,   57.0, 4,   35.5, 4, 9999.9, 0,  796.9, 4,   2.5, 4,   0.0, 4, 999.9, 999.9,   65.7 ,  50.4 , 0.02A,999.9, 010000,
420830,99999, 20200401,   61.1, 4,   37.4, 4, 9999.9, 0, 9999.9, 0,   4.3, 4,   0.0, 4, 999.9, 999.9,   66.7 ,  43.9 , 0.24G,999.9, 000000,
420830,99999, 20200403,   59.0, 4,   30.7, 4, 9999.9, 0,  795.5, 4,   6.2, 4,   0.0, 4, 999.9, 999.9,   64.4*,  44.2 , 0.00I,999.9, 000000,
420830,99999, 20200404,   60.3, 4,   33.1, 4, 9999.9, 0,  796.7, 4,   4.3, 4,   0.5, 4,   1.9, 999.9,   66.7 ,  46.2 , 0.00I,999.9, 000000,
420830,99999, 20200406,   59.9, 4,   38.2, 4, 9999.9, 0,  798.4, 4,   2.5, 4,   0.5, 4,   1.9, 999.9,   66.6 ,  48.7 , 0.00I,999.9, 000000,
420830,99999, 20200407,   56.9, 4,   35.9, 4, 9999.9, 0,  796.6, 4,   2.5, 4,   1.5, 4,   4.1, 999.9,   66.9 ,  51.1 ,99.99 ,999.9, 010000,
